0.000000	0.000000
0.005000	0.065722
0.010000	0.254764
0.015000	0.548754
0.020000	0.921916
0.025000	1.342948
0.030000	1.778179
0.035000	2.195900
0.040000	2.570920
0.045000	2.887807
0.050000	3.141658
0.055000	3.336451
0.060000	3.481967
0.065000	3.590452
0.070000	3.673867
0.075000	3.742049
0.080000	3.801786
0.085000	3.856637
0.090000	3.907296
0.095000	3.952328
0.100000	3.989097
0.105000	4.014724
0.110000	4.026910
0.115000	4.024511
0.120000	4.007850
0.125000	3.978748
0.130000	3.940330
0.135000	3.896641
0.140000	3.852171
0.145000	3.811356
0.150000	3.778142
0.155000	3.755631
0.160000	3.745824
0.165000	3.749466
0.170000	3.766018
0.175000	3.793736
0.180000	3.829886
0.185000	3.871057
0.190000	3.913551
0.195000	3.953804
0.200000	3.988765
0.205000	4.016193
0.210000	4.034834
0.215000	4.044478
0.220000	4.045883
0.225000	4.040583
0.230000	4.030594
0.235000	4.018093
0.240000	4.005118
0.245000	3.993348
0.250000	3.983960
0.255000	4.005931
0.260000	4.091008
0.265000	4.231137
0.270000	4.413559
0.275000	4.622250
0.280000	4.839855
0.285000	5.049906
0.290000	5.238899
0.295000	5.397706
0.300000	5.522089
0.305000	5.612382
0.310000	5.672530
0.315000	5.708742
0.320000	5.728041
0.325000	5.737018
0.330000	5.740979
0.335000	5.743527
0.340000	5.746475
0.345000	5.750041
0.350000	5.753246
0.355000	5.754479
0.360000	5.752105
0.365000	5.744981
0.370000	5.732799
0.375000	5.716184
0.380000	5.696599
0.385000	5.676117
0.390000	5.657112
0.395000	5.641914
0.400000	5.632469
0.405000	5.630107
0.410000	5.635413
0.415000	5.648193
0.420000	5.667508
0.425000	5.691805
0.430000	5.719125
0.435000	5.747309
0.440000	5.774159
0.445000	5.797570
0.450000	5.815646
0.455000	5.826825
0.460000	5.830011
0.465000	5.824729
0.470000	5.811241
0.475000	5.790572
0.480000	5.764384
0.485000	5.734715
0.490000	5.703636
0.495000	5.672918
0.500000	5.643757
0.505000	5.628100
0.510000	5.643675
0.515000	5.685795
0.520000	5.747791
0.525000	5.822337
0.530000	5.902666
0.535000	5.983405
0.540000	6.060946
0.545000	6.133348
0.550000	6.199954
0.555000	6.260908
0.560000	6.316652
0.565000	6.367521
0.570000	6.413510
0.575000	6.454243
0.580000	6.489011
0.585000	6.516891
0.590000	6.536931
0.595000	6.548397
0.600000	6.550947
0.605000	6.544714
0.610000	6.530352
0.615000	6.509076
0.620000	6.482699
0.625000	6.453536
0.630000	6.424128
0.635000	6.396808
0.640000	6.373295
0.645000	6.354437
0.650000	6.340208
0.655000	6.329915
0.660000	6.322557
0.665000	6.317193
0.670000	6.313184
0.675000	6.310190
0.680000	6.307974
0.685000	6.306164
0.690000	6.304129
0.695000	6.301038
0.700000	6.296060
0.705000	6.288594
0.710000	6.278449
0.715000	6.265947
0.720000	6.251941
0.725000	6.237735
0.730000	6.224851
0.735000	6.214687
0.740000	6.208207
0.745000	6.205778
0.750000	6.207196
0.755000	6.218981
0.760000	6.246236
0.765000	6.285817
0.770000	6.333780
0.775000	6.386024
0.780000	6.438756
0.785000	6.488696
0.790000	6.533203
0.795000	6.570444
0.800000	6.599551
0.805000	6.620631
0.810000	6.634601
0.815000	6.642854
0.820000	6.646822
0.825000	6.647601
0.830000	6.645771
0.835000	6.641454
0.840000	6.634485
0.845000	6.624596
0.850000	6.611510
0.855000	6.594976
0.860000	6.574904
0.865000	6.551560
0.870000	6.525684
0.875000	6.498411
0.880000	6.471074
0.885000	6.445033
0.890000	6.421584
0.895000	6.401866
0.900000	6.386745
0.905000	6.376713
0.910000	6.371817
0.915000	6.371628
0.920000	6.375222
0.925000	6.381189
0.930000	6.387790
0.935000	6.393276
0.940000	6.396272
0.945000	6.396065
0.950000	6.392686
0.955000	6.386790
0.960000	6.379344
0.965000	6.371315
0.970000	6.363520
0.975000	6.356624
0.980000	6.351091
0.985000	6.347067
0.990000	6.344306
0.995000	6.342259
1.000000	6.340288
1.005000	6.341863
1.010000	6.350442
1.015000	6.364947
1.020000	6.384076
1.025000	6.406559
1.030000	6.431315
1.035000	6.457440
1.040000	6.484089
1.045000	6.510415
1.050000	6.535631
1.055000	6.559152
1.060000	6.580719
1.065000	6.600402
1.070000	6.618511
1.075000	6.635455
1.080000	6.651662
1.085000	6.667550
1.090000	6.683555
1.095000	6.700177
1.100000	6.717967
1.105000	6.737300
1.110000	6.758066
1.115000	6.779583
1.120000	6.800866
1.125000	6.821089
1.130000	6.839936
1.135000	6.857625
1.140000	6.874655
1.145000	6.891512
1.150000	6.908509
1.155000	6.925695
1.160000	6.942804
1.165000	6.959284
1.170000	6.974455
1.175000	6.987770
1.180000	6.999057
1.185000	7.008658
1.190000	7.017394
1.195000	7.026256
1.200000	7.035941
1.205000	7.046474
1.210000	7.057131
1.215000	7.066657
1.220000	7.073608
1.225000	7.076672
1.230000	7.074948
1.235000	7.068119
1.240000	7.056468
1.245000	7.040712
1.250000	7.021767
1.255000	7.002772
1.260000	6.987379
1.265000	6.975702
1.270000	6.967487
1.275000	6.962254
1.280000	6.959374
1.285000	6.958063
1.290000	6.957413
1.295000	6.956633
1.300000	6.955420
1.305000	6.954203
1.310000	6.954006
1.315000	6.956015
1.320000	6.961088
1.325000	6.969483
1.330000	6.980828
1.335000	6.994253
1.340000	7.008585
1.345000	7.022626
1.350000	7.035474
1.355000	7.046755
1.360000	7.056598
1.365000	7.065303
1.370000	7.072941
1.375000	7.079107
1.380000	7.082999
1.385000	7.083730
1.390000	7.080640
1.395000	7.073499
1.400000	7.062582
1.405000	7.048631
1.410000	7.032706
1.415000	7.016003
1.420000	6.999717
1.425000	6.984986
1.430000	6.972813
1.435000	6.963946
1.440000	6.958774
1.445000	6.957276
1.450000	6.959015
1.455000	6.963148
1.460000	6.968536
1.465000	6.973981
1.470000	6.978531
1.475000	6.981704
1.480000	6.983479
1.485000	6.984058
1.490000	6.983540
1.495000	6.981691
1.500000	6.977928
1.505000	6.972633
1.510000	6.966197
1.515000	6.957796
1.520000	6.946807
1.525000	6.932989
1.530000	6.916652
1.535000	6.898741
1.540000	6.880729
1.545000	6.864303
1.550000	6.850965
1.555000	6.841714
1.560000	6.836893
1.565000	6.836256
1.570000	6.839221
1.575000	6.845163
1.580000	6.853578
1.585000	6.864095
1.590000	6.876371
1.595000	6.889991
1.600000	6.904495
1.605000	6.919479
1.610000	6.934706
1.615000	6.950204
1.620000	6.966317
1.625000	6.983687
1.630000	7.003082
1.635000	7.025073
1.640000	7.049617
1.645000	7.075765
1.650000	7.101715
1.655000	7.125273
1.660000	7.144436
1.665000	7.157781
1.670000	7.164526
1.675000	7.164512
1.680000	7.158312
1.685000	7.147421
1.690000	7.134212
1.695000	7.121507
1.700000	7.111947
1.705000	7.107455
1.710000	7.109022
1.715000	7.116762
1.720000	7.130077
1.725000	7.147810
1.730000	7.168369
1.735000	7.189978
1.740000	7.210980
1.745000	7.230094
1.750000	7.246595
1.755000	7.261098
1.760000	7.274672
1.765000	7.288138
1.770000	7.302246
1.775000	7.317432
1.780000	7.333748
1.785000	7.350970
1.790000	7.368775
1.795000	7.386868
1.800000	7.405067
1.805000	7.423314
1.810000	7.441533
1.815000	7.459251
1.820000	7.475298
1.825000	7.487936
1.830000	7.495389
1.835000	7.496376
1.840000	7.490346
1.845000	7.477367
1.850000	7.457838
1.855000	7.432320
1.860000	7.401628
1.865000	7.367126
1.870000	7.330881
1.875000	7.295400
1.880000	7.263067
1.885000	7.235644
1.890000	7.214027
1.895000	7.198226
1.900000	7.187532
1.905000	7.180764
1.910000	7.176458
1.915000	7.173053
1.920000	7.169126
1.925000	7.163645
1.930000	7.156120
1.935000	7.146647
1.940000	7.135903
1.945000	7.125030
1.950000	7.115348
1.955000	7.107951
1.960000	7.103369
1.965000	7.101449
1.970000	7.101525
1.975000	7.102802
1.980000	7.104658
1.985000	7.106699
1.990000	7.108620
1.995000	7.110115
2.000000	7.110949
2.005000	7.110822
2.010000	7.109692
2.015000	7.107880
2.020000	7.105561
2.025000	7.102747
2.030000	7.099412
2.035000	7.095672
2.040000	7.091838
2.045000	7.088302
2.050000	7.085346
2.055000	7.082983
2.060000	7.080881
2.065000	7.078369
2.070000	7.074562
2.075000	7.068589
2.080000	7.059818
2.085000	7.048027
2.090000	7.033489
2.095000	7.016914
2.100000	6.999331
2.105000	6.981936
2.110000	6.965917
2.115000	6.952276
2.120000	6.941662
2.125000	6.934274
2.130000	6.929818
2.135000	6.927554
2.140000	6.926378
2.145000	6.924951
2.150000	6.921920
2.155000	6.916234
2.160000	6.907419
2.165000	6.895722
2.170000	6.882089
2.175000	6.867937
2.180000	6.854754
2.185000	6.843727
2.190000	6.835519
2.195000	6.830264
2.200000	6.827688
2.205000	6.827243
2.210000	6.828154
2.215000	6.829435
2.220000	6.829944
2.225000	6.828581
2.230000	6.824583
2.235000	6.817831
2.240000	6.808927
2.245000	6.798971
2.250000	6.789260
2.255000	6.780600
2.260000	6.773480
2.265000	6.768455
2.270000	6.765544
2.275000	6.764355
2.280000	6.764356
2.285000	6.765060
2.290000	6.766012
2.295000	6.766666
2.300000	6.766338
2.305000	6.764328
2.310000	6.760118
2.315000	6.753506
2.320000	6.744705
2.325000	6.734467
2.330000	6.724049
2.335000	6.714850
2.340000	6.707897
2.345000	6.703457
2.350000	6.700899
2.355000	6.698869
2.360000	6.695754
2.365000	6.690274
2.370000	6.681949
2.375000	6.671314
2.380000	6.659842
2.385000	6.649551
2.390000	6.642434
2.395000	6.639927
2.400000	6.642607
2.405000	6.650057
2.410000	6.660863
2.415000	6.672846
2.420000	6.683613
2.425000	6.691219
2.430000	6.694570
2.435000	6.693438
2.440000	6.688165
2.445000	6.679368
2.450000	6.667815
2.455000	6.654482
2.460000	6.640575
2.465000	6.627401
2.470000	6.616165
2.475000	6.607834
2.480000	6.603065
2.485000	6.602072
2.490000	6.604482
2.495000	6.609315
2.500000	6.615185
2.505000	6.620800
2.510000	6.625132
2.515000	6.627577
2.520000	6.628304
2.525000	6.628187
2.530000	6.628489
2.535000	6.630583
2.540000	6.635830
2.545000	6.645507
2.550000	6.660612
2.555000	6.681584
2.560000	6.708091
2.565000	6.739002
2.570000	6.772598
2.575000	6.806952
2.580000	6.840300
2.585000	6.871293
2.590000	6.899118
2.595000	6.923514
2.600000	6.944724
2.605000	6.963411
2.610000	6.980594
2.615000	6.997543
2.620000	7.015541
2.625000	7.035523
2.630000	7.057786
2.635000	7.081934
2.640000	7.107040
2.645000	7.131869
2.650000	7.155080
2.655000	7.175428
2.660000	7.192071
2.665000	7.204854
2.670000	7.214290
2.675000	7.221223
2.680000	7.226447
2.685000	7.230522
2.690000	7.233797
2.695000	7.236498
2.700000	7.238798
2.705000	7.240810
2.710000	7.242574
2.715000	7.244112
2.720000	7.245542
2.725000	7.247154
2.730000	7.249372
2.735000	7.252604
2.740000	7.257038
2.745000	7.262464
2.750000	7.268216
2.755000	7.273525
2.760000	7.277622
2.765000	7.279878
2.770000	7.280136
2.775000	7.278626
2.780000	7.275721
2.785000	7.271714
2.790000	7.266730
2.795000	7.260776
2.800000	7.253851
2.805000	7.246025
2.810000	7.237472
2.815000	7.228448
2.820000	7.219220
2.825000	7.209983
2.830000	7.200835
2.835000	7.191875
2.840000	7.183287
2.845000	7.175265
2.850000	7.167809
2.855000	7.160595
2.860000	7.153062
2.865000	7.144665
2.870000	7.135146
2.875000	7.124611
2.880000	7.113350
2.885000	7.101593
2.890000	7.089385
2.895000	7.076550
2.900000	7.062699
2.905000	7.047316
2.910000	7.029917
2.915000	7.010255
2.920000	6.988493
2.925000	6.965292
2.930000	6.941782
2.935000	6.919377
2.940000	6.899528
2.945000	6.883472
2.950000	6.872013
2.955000	6.865333
2.960000	6.862985
2.965000	6.864139
2.970000	6.867949
2.975000	6.873812
2.980000	6.881330
2.985000	6.890084
2.990000	6.899453
2.995000	6.908717
3.000000	6.917376
3.005000	6.925201
3.010000	6.932518
3.015000	6.940195
3.020000	6.949140
3.025000	6.959961
3.030000	6.972731
3.035000	6.986992
3.040000	7.002023
3.045000	7.017195
3.050000	7.032082
3.055000	7.046284
3.060000	7.059224
3.065000	7.070170
3.070000	7.078490
3.075000	7.083898
3.080000	7.086517
3.085000	7.086738
3.090000	7.084930
3.095000	7.081204
3.100000	7.075369
3.105000	7.067046
3.110000	7.055882
3.115000	7.041749
3.120000	7.024831
3.125000	7.005565
3.130000	6.984574
3.135000	6.962667
3.140000	6.940914
3.145000	6.920612
3.150000	6.903075
3.155000	6.889366
3.160000	6.880046
3.165000	6.875039
3.170000	6.873623
3.175000	6.874601
3.180000	6.876627
3.185000	6.878589
3.190000	6.879838
3.195000	6.880167
3.200000	6.879551
3.205000	6.877845
3.210000	6.874640
3.215000	6.869250
3.220000	6.860813
3.225000	6.848598
3.230000	6.832506
3.235000	6.813447
3.240000	6.793276
3.245000	6.774344
3.250000	6.758915
3.255000	6.747516
3.260000	6.739664
3.265000	6.735530
3.270000	6.734600
3.275000	6.735851
3.280000	6.737981
3.285000	6.739645
3.290000	6.739662
3.295000	6.737241
3.300000	6.732117
3.305000	6.724497
3.310000	6.714760
3.315000	6.703161
3.320000	6.689808
3.325000	6.675028
3.330000	6.659783
3.335000	6.645784
3.340000	6.635163
3.345000	6.629896
3.350000	6.631300
3.355000	6.639833
3.360000	6.655207
3.365000	6.676629
3.370000	6.702986
3.375000	6.732934
3.380000	6.764974
3.385000	6.797623
3.390000	6.829699
3.395000	6.860559
3.400000	6.890130
3.405000	6.918670
3.410000	6.946410
3.415000	6.973251
3.420000	6.998685
3.425000	7.021874
3.430000	7.041817
3.435000	7.057589
3.440000	7.068678
3.445000	7.075262
3.450000	7.078256
3.455000	7.079139
3.460000	7.079650
3.465000	7.081460
3.470000	7.085884
3.475000	7.093703
3.480000	7.105082
3.485000	7.119611
3.490000	7.136395
3.495000	7.154202
3.500000	7.171658
3.505000	7.188577
3.510000	7.204804
3.515000	7.219591
3.520000	7.232290
3.525000	7.242203
3.530000	7.248611
3.535000	7.250950
3.540000	7.249024
3.545000	7.243122
3.550000	7.234067
3.555000	7.223192
3.560000	7.212159
3.565000	7.202671
3.570000	7.196156
3.575000	7.193548
3.580000	7.195207
3.585000	7.201014
3.590000	7.210550
3.595000	7.223229
3.600000	7.238267
3.605000	7.254624
3.610000	7.271126
3.615000	7.286817
3.620000	7.301228
3.625000	7.314328
3.630000	7.326199
3.635000	7.336701
3.640000	7.345375
3.645000	7.351631
3.650000	7.355111
3.655000	7.355923
3.660000	7.354501
3.665000	7.351267
3.670000	7.346516
3.675000	7.340640
3.680000	7.334353
3.685000	7.328601
3.690000	7.324292
3.695000	7.322017
3.700000	7.321898
3.705000	7.323567
3.710000	7.326267
3.715000	7.328976
3.720000	7.330548
3.725000	7.329895
3.730000	7.326237
3.735000	7.319303
3.740000	7.309367
3.745000	7.297087
3.750000	7.283320
3.755000	7.269205
3.760000	7.255868
3.765000	7.243980
3.770000	7.233996
3.775000	7.226031
3.780000	7.219777
3.785000	7.214572
3.790000	7.209614
3.795000	7.204145
3.800000	7.197530
3.805000	7.189261
3.810000	7.178968
3.815000	7.166365
3.820000	7.151149
3.825000	7.132964
3.830000	7.111576
3.835000	7.087141
3.840000	7.060382
3.845000	7.032539
3.850000	7.005057
3.855000	6.979146
3.860000	6.955456
3.865000	6.934066
3.870000	6.914727
3.875000	6.897178
3.880000	6.881465
3.885000	6.868132
3.890000	6.858117
3.895000	6.852333
3.900000	6.851194
3.905000	6.854408
3.910000	6.861109
3.915000	6.870179
3.920000	6.880508
3.925000	6.891168
3.930000	6.901483
3.935000	6.910972
3.940000	6.919142
3.945000	6.925383
3.950000	6.929054
3.955000	6.929624
3.960000	6.926721
3.965000	6.920148
3.970000	6.909880
3.975000	6.896006
3.980000	6.878655
3.985000	6.858007
3.990000	6.834436
3.995000	6.808650
4.000000	6.781668
4.005000	6.754684
4.010000	6.728802
4.015000	6.704748
4.020000	6.683040
4.025000	6.664112
4.030000	6.648464
4.035000	6.636707
4.040000	6.629457
4.045000	6.627168
4.050000	6.629936
4.055000	6.637355
4.060000	6.648521
4.065000	6.662188
4.070000	6.677000
4.075000	6.691694
4.080000	6.705193
4.085000	6.716666
4.090000	6.725671
4.095000	6.732308
4.100000	6.737218
4.105000	6.741371
4.110000	6.745727
4.115000	6.750931
4.120000	6.757132
4.125000	6.763995
4.130000	6.770929
4.135000	6.777321
4.140000	6.782645
4.145000	6.786480
4.150000	6.788591
4.155000	6.789102
4.160000	6.788640
4.165000	6.788250
4.170000	6.789104
4.175000	6.792066
4.180000	6.797303
4.185000	6.804120
4.190000	6.811083
4.195000	6.816401
4.200000	6.818536
4.205000	6.816761
4.210000	6.811400
4.215000	6.803686
4.220000	6.795369
4.225000	6.788251
4.230000	6.783869
4.235000	6.783408
4.240000	6.787689
4.245000	6.797039
4.250000	6.811052
4.255000	6.827573
4.260000	6.844070
4.265000	6.858684
4.270000	6.870032
4.275000	6.877605
4.280000	6.881844
4.285000	6.883840
4.290000	6.884868
4.295000	6.885996
4.300000	6.887940
4.305000	6.891108
4.310000	6.895608
4.315000	6.901167
4.320000	6.907238
4.325000	6.913310
4.330000	6.919182
4.335000	6.924962
4.340000	6.930883
4.345000	6.937188
4.350000	6.944190
4.355000	6.952368
4.360000	6.962336
4.365000	6.974655
4.370000	6.989618
4.375000	7.007157
4.380000	7.026904
4.385000	7.048397
4.390000	7.071325
4.395000	7.095676
4.400000	7.121641
4.405000	7.149330
4.410000	7.178553
4.415000	7.208857
4.420000	7.239782
4.425000	7.270995
4.430000	7.302128
4.435000	7.332620
4.440000	7.361761
4.445000	7.388866
4.450000	7.413386
4.455000	7.434938
4.460000	7.453269
4.465000	7.468217
4.470000	7.479630
4.475000	7.487244
4.480000	7.490587
4.485000	7.488979
4.490000	7.481638
4.495000	7.467931
4.500000	7.447652
4.505000	7.422571
4.510000	7.395455
4.515000	7.367133
4.520000	7.338312
4.525000	7.309438
4.530000	7.280781
4.535000	7.252664
4.540000	7.225559
4.545000	7.199981
4.550000	7.176329
4.555000	7.154755
4.560000	7.135128
4.565000	7.117095
4.570000	7.100222
4.575000	7.084114
4.580000	7.068512
4.585000	7.053407
4.590000	7.039141
4.595000	7.026415
4.600000	7.016192
4.605000	7.009495
4.610000	7.007106
4.615000	7.009270
4.620000	7.015474
4.625000	7.024442
4.630000	7.034442
4.635000	7.043796
4.640000	7.051341
4.645000	7.056617
4.650000	7.059728
4.655000	7.061043
4.660000	7.061011
4.665000	7.060166
4.670000	7.059107
4.675000	7.058353
4.680000	7.058191
4.685000	7.058714
4.690000	7.059982
4.695000	7.062155
4.700000	7.065481
4.705000	7.070138
4.710000	7.076043
4.715000	7.082722
4.720000	7.089279
4.725000	7.094444
4.730000	7.096815
4.735000	7.095266
4.740000	7.089261
4.745000	7.078842
4.750000	7.064394
4.755000	7.046760
4.760000	7.027021
4.765000	7.006107
4.770000	6.985062
4.775000	6.964807
4.780000	6.945995
4.785000	6.929047
4.790000	6.914216
4.795000	6.901542
4.800000	6.890721
4.805000	6.881043
4.810000	6.871528
4.815000	6.861222
4.820000	6.849541
4.825000	6.836473
4.830000	6.822519
4.835000	6.808431
4.840000	6.794984
4.845000	6.782870
4.850000	6.772679
4.855000	6.764911
4.860000	6.760029
4.865000	6.758515
4.870000	6.760870
4.875000	6.767497
4.880000	6.778476
4.885000	6.793355
4.890000	6.811110
4.895000	6.830337
4.900000	6.849525
4.905000	6.867345
4.910000	6.882925
4.915000	6.896063
4.920000	6.907222
4.925000	6.917372
4.930000	6.927743
4.935000	6.939599
4.940000	6.954055
4.945000	6.971864
4.950000	6.993116
4.955000	7.016990
4.960000	7.041800
4.965000	7.065468
4.970000	7.086231
4.975000	7.103193
4.980000	7.116385
4.985000	7.126372
4.990000	7.133789
4.995000	7.139025
5.000000	7.142087
5.005000	7.142664
5.010000	7.140399
5.015000	7.135175
5.020000	7.127221
5.025000	7.116959
5.030000	7.104777
5.035000	7.090974
5.040000	7.075867
5.045000	7.059982
5.050000	7.044140
5.055000	7.029317
5.060000	7.016311
5.065000	7.005507
5.070000	6.996908
5.075000	6.990348
5.080000	6.985608
5.085000	6.982443
5.090000	6.980586
5.095000	6.979746
5.100000	6.979554
5.105000	6.979472
5.110000	6.978802
5.115000	6.976850
5.120000	6.973210
5.125000	6.968026
5.130000	6.962102
5.135000	6.956722
5.140000	6.953154
5.145000	6.952140
5.150000	6.953694
5.155000	6.957277
5.160000	6.962113
5.165000	6.967490
5.170000	6.973042
5.175000	6.979015
5.180000	6.986327
5.185000	6.996223
5.190000	7.009673
5.195000	7.026900
5.200000	7.047221
5.205000	7.069200
5.210000	7.091045
5.215000	7.111096
5.220000	7.128184
5.225000	7.141709
5.230000	7.151555
5.235000	7.157974
5.240000	7.161462
5.245000	7.162618
5.250000	7.162040
5.255000	7.160340
5.260000	7.158258
5.265000	7.156740
5.270000	7.156757
5.275000	7.158924
5.280000	7.163185
5.285000	7.168831
5.290000	7.174845
5.295000	7.180354
5.300000	7.184891
5.305000	7.188394
5.310000	7.191022
5.315000	7.192897
5.320000	7.193920
5.325000	7.193788
5.330000	7.192223
5.335000	7.189299
5.340000	7.185615
5.345000	7.182191
5.350000	7.180106
5.355000	7.180135
5.360000	7.182542
5.365000	7.187062
5.370000	7.193012
5.375000	7.199544
5.380000	7.205955
5.385000	7.211913
5.390000	7.217483
5.395000	7.223031
5.400000	7.229007
5.405000	7.235691
5.410000	7.243011
5.415000	7.250572
5.420000	7.257875
5.425000	7.264533
5.430000	7.270291
5.435000	7.274820
5.440000	7.277498
5.445000	7.277422
5.450000	7.273680
5.455000	7.265689
5.460000	7.253367
5.465000	7.237024
5.470000	7.217181
5.475000	7.194534
5.480000	7.170070
5.485000	7.145165
5.490000	7.121482
5.495000	7.100711
5.500000	7.084237
5.505000	7.072868
5.510000	7.066704
5.515000	7.065171
5.520000	7.067166
5.525000	7.071260
5.530000	7.076015
5.535000	7.080307
5.540000	7.083472
5.545000	7.085227
5.550000	7.085560
5.555000	7.084729
5.560000	7.083252
5.565000	7.081808
5.570000	7.081065
5.575000	7.081582
5.580000	7.083773
5.585000	7.087829
5.590000	7.093513
5.595000	7.099984
5.600000	7.105869
5.605000	7.109606
5.610000	7.109896
5.615000	7.106030
5.620000	7.098025
5.625000	7.086691
5.630000	7.073634
5.635000	7.060995
5.640000	7.050938
5.645000	7.045094
5.650000	7.044209
5.655000	7.048144
5.660000	7.056127
5.665000	7.067013
5.670000	7.079434
5.675000	7.091900
5.680000	7.102962
5.685000	7.111449
5.690000	7.116736
5.695000	7.118894
5.700000	7.118612
5.705000	7.116909
5.710000	7.114781
5.715000	7.112960
5.720000	7.111893
5.725000	7.111850
5.730000	7.113050
5.735000	7.115683
5.740000	7.119832
5.745000	7.125326
5.750000	7.131663
5.755000	7.138104
5.760000	7.143940
5.765000	7.148755
5.770000	7.152533
5.775000	7.155565
5.780000	7.158160
5.785000	7.160417
5.790000	7.162272
5.795000	7.163762
5.800000	7.165279
5.805000	7.167641
5.810000	7.171927
5.815000	7.179181
5.820000	7.190087
5.825000	7.204720
5.830000	7.222461
5.835000	7.242113
5.840000	7.262169
5.845000	7.281107
5.850000	7.297561
5.855000	7.310383
5.860000	7.318677
5.865000	7.321932
5.870000	7.320191
5.875000	7.314104
5.880000	7.304792
5.885000	7.293748
5.890000	7.282810
5.895000	7.274051
5.900000	7.269407
5.905000	7.270183
5.910000	7.276673
5.915000	7.288049
5.920000	7.302566
5.925000	7.318032
5.930000	7.332369
5.935000	7.343999
5.940000	7.352007
5.945000	7.356209
5.950000	7.357160
5.955000	7.356012
5.960000	7.354133
5.965000	7.352615
5.970000	7.351920
5.975000	7.351833
5.980000	7.351684
5.985000	7.350674
5.990000	7.348167
5.995000	7.343849
6.000000	7.337758
6.005000	7.330185
6.010000	7.321487
6.015000	7.311882
6.020000	7.301326
6.025000	7.289525
6.030000	7.276017
6.035000	7.260251
6.040000	7.241736
6.045000	7.220350
6.050000	7.196678
6.055000	7.172038
6.060000	7.148093
6.065000	7.126303
6.070000	7.107569
6.075000	7.092260
6.080000	7.080552
6.085000	7.072838
6.090000	7.069941
6.095000	7.073054
6.100000	7.083417
6.105000	7.101844
6.110000	7.128253
6.115000	7.161338
6.120000	7.198532
6.125000	7.236347
6.130000	7.270976
6.135000	7.298954
6.140000	7.317764
6.145000	7.326288
6.150000	7.324970
6.155000	7.315564
6.160000	7.300568
6.165000	7.282615
6.170000	7.264037
6.175000	7.246620
6.180000	7.231584
6.185000	7.219736
6.190000	7.211624
6.195000	7.207490
6.200000	7.207066
6.205000	7.209353
6.210000	7.212642
6.215000	7.214924
6.220000	7.214518
6.225000	7.210511
6.230000	7.202839
6.235000	7.192093
6.240000	7.179223
6.245000	7.165246
6.250000	7.151032
6.255000	7.137278
6.260000	7.124660
6.265000	7.114056
6.270000	7.106560
6.275000	7.103177
6.280000	7.104394
6.285000	7.109883
6.290000	7.118430
6.295000	7.128109
6.300000	7.136703
6.305000	7.142289
6.310000	7.143709
6.315000	7.140755
6.320000	7.134055
6.325000	7.124737
6.330000	7.113986
6.335000	7.102655
6.340000	7.091165
6.345000	7.079678
6.350000	7.068305
6.355000	7.057181
6.360000	7.046427
6.365000	7.035998
6.370000	7.025580
6.375000	7.014666
6.380000	7.002776
6.385000	6.989705
6.390000	6.975741
6.395000	6.961705
6.400000	6.948753
6.405000	6.937987
6.410000	6.930096
6.415000	6.925166
6.420000	6.922755
6.425000	6.922195
6.430000	6.923006
6.435000	6.925173
6.440000	6.929108
6.445000	6.935312
6.450000	6.943978
6.455000	6.954852
6.460000	6.967389
6.465000	6.981024
6.470000	6.995298
6.475000	7.009809
6.480000	7.024117
6.485000	7.037688
6.490000	7.049907
6.495000	7.060221
6.500000	7.068420
6.505000	7.074804
6.510000	7.080033
6.515000	7.084839
6.520000	7.089847
6.525000	7.095482
6.530000	7.101921
6.535000	7.109114
6.540000	7.116884
6.545000	7.125000
6.550000	7.133157
6.555000	7.140877
6.560000	7.147487
6.565000	7.152274
6.570000	7.154763
6.575000	7.154998
6.580000	7.153557
6.585000	7.151287
6.590000	7.148903
6.595000	7.146662
6.600000	7.144251
6.605000	7.140961
6.610000	7.135960
6.615000	7.128555
6.620000	7.118408
6.625000	7.105717
6.630000	7.091220
6.635000	7.075934
6.640000	7.060751
6.645000	7.046199
6.650000	7.032508
6.655000	7.019842
6.660000	7.008495
6.665000	6.998908
6.670000	6.991566
6.675000	6.986903
6.680000	6.985337
6.685000	6.987291
6.690000	6.993113
6.695000	7.002958
6.700000	7.016697
6.705000	7.033811
6.710000	7.053429
6.715000	7.074565
6.720000	7.096428
6.725000	7.118555
6.730000	7.140748
6.735000	7.162931
6.740000	7.185060
6.745000	7.207110
6.750000	7.229146
6.755000	7.251342
6.760000	7.273817
6.765000	7.296349
6.770000	7.318170
6.775000	7.338127
6.780000	7.355204
6.785000	7.369102
6.790000	7.380438
6.795000	7.390454
6.800000	7.400461
6.805000	7.411361
6.810000	7.423416
6.815000	7.436331
6.820000	7.449563
6.825000	7.462677
6.830000	7.475554
6.835000	7.488259
6.840000	7.500598
6.845000	7.511702
6.850000	7.519989
6.855000	7.523577
6.860000	7.520891
6.865000	7.511141
6.870000	7.494504
6.875000	7.472046
6.880000	7.445456
6.885000	7.416670
6.890000	7.387505
6.895000	7.359441
6.900000	7.333592
6.905000	7.310810
6.910000	7.291748
6.915000	7.276812
6.920000	7.266006
6.925000	7.258764
6.930000	7.253933
6.935000	7.250013
6.940000	7.245569
6.945000	7.239592
6.950000	7.231642
6.955000	7.221821
6.960000	7.210702
6.965000	7.199242
6.970000	7.188596
6.975000	7.179842
6.980000	7.173713
6.985000	7.170442
6.990000	7.169694
6.995000	7.170538
7.000000	7.171552
7.005000	7.171142
7.010000	7.167996
7.015000	7.161506
7.020000	7.151998
7.025000	7.140717
7.030000	7.129491
7.035000	7.120168
7.040000	7.114061
7.045000	7.111717
7.050000	7.113005
7.055000	7.117329
7.060000	7.123705
7.065000	7.130869
7.070000	7.137567
7.075000	7.142944
7.080000	7.146725
7.085000	7.149092
7.090000	7.150347
7.095000	7.150677
7.100000	7.150169
7.105000	7.149027
7.110000	7.147743
7.115000	7.147061
7.120000	7.147694
7.125000	7.149980
7.130000	7.153685
7.135000	7.158012
7.140000	7.161753
7.145000	7.163551
7.150000	7.162252
7.155000	7.157295
7.160000	7.148952
7.165000	7.138313
7.170000	7.127015
7.175000	7.116800
7.180000	7.109034
7.185000	7.104386
7.190000	7.102777
7.195000	7.103597
7.200000	7.106020
7.205000	7.109225
7.210000	7.112447
7.215000	7.115037
7.220000	7.116579
7.225000	7.117008
7.230000	7.116622
7.235000	7.115994
7.240000	7.115801
7.245000	7.116607
7.250000	7.118669
7.255000	7.121904
7.260000	7.125978
7.265000	7.130462
7.270000	7.134972
7.275000	7.139284
7.280000	7.143415
7.285000	7.147599
7.290000	7.152121
7.295000	7.157040
7.300000	7.162021
7.305000	7.166345
7.310000	7.169073
7.315000	7.169296
7.320000	7.166412
7.325000	7.160295
7.330000	7.151306
7.335000	7.140181
7.340000	7.127862
7.345000	7.115320
7.350000	7.103445
7.355000	7.092937
7.360000	7.084171
7.365000	7.077141
7.370000	7.071621
7.375000	7.067436
7.380000	7.064656
7.385000	7.063561
7.390000	7.064464
7.395000	7.067476
7.400000	7.072349
7.405000	7.078516
7.410000	7.085314
7.415000	7.092235
7.420000	7.098978
7.425000	7.105419
7.430000	7.111733
7.435000	7.118467
7.440000	7.126301
7.445000	7.135620
7.450000	7.146248
7.455000	7.157571
7.460000	7.168883
7.465000	7.179650
7.470000	7.189603
7.475000	7.198768
7.480000	7.207453
7.485000	7.216135
7.490000	7.225256
7.495000	7.235079
7.500000	7.245567
7.505000	7.256235
7.510000	7.266118
7.515000	7.273978
7.520000	7.278744
7.525000	7.279969
7.530000	7.278006
7.535000	7.273760
7.540000	7.268290
7.545000	7.262574
7.550000	7.257529
7.555000	7.254110
7.560000	7.253255
7.565000	7.255635
7.570000	7.261384
7.575000	7.269950
7.580000	7.280103
7.585000	7.290090
7.590000	7.297943
7.595000	7.301894
7.600000	7.300738
7.605000	7.294034
7.610000	7.282140
7.615000	7.266138
7.620000	7.247608
7.625000	7.228252
7.630000	7.209456
7.635000	7.192028
7.640000	7.176218
7.645000	7.162043
7.650000	7.149659
7.655000	7.139530
7.660000	7.132423
7.665000	7.129300
7.670000	7.131091
7.675000	7.138392
7.680000	7.151201
7.685000	7.168792
7.690000	7.189773
7.695000	7.212319
7.700000	7.234511
7.705000	7.254604
7.710000	7.271176
7.715000	7.283285
7.720000	7.290639
7.725000	7.293662
7.730000	7.293346
7.735000	7.290951
7.740000	7.287677
7.745000	7.284425
7.750000	7.281691
7.755000	7.279504
7.760000	7.277428
7.765000	7.274695
7.770000	7.270427
7.775000	7.263885
7.780000	7.254723
7.785000	7.243206
7.790000	7.230190
7.795000	7.216844
7.800000	7.204338
7.805000	7.193680
7.810000	7.185639
7.815000	7.180605
7.820000	7.178459
7.825000	7.178550
7.830000	7.179827
7.835000	7.181032
7.840000	7.180993
7.845000	7.179003
7.850000	7.175085
7.855000	7.169910
7.860000	7.164405
7.865000	7.159248
7.870000	7.154569
7.875000	7.150064
7.880000	7.145389
7.885000	7.140431
7.890000	7.135201
7.895000	7.129609
7.900000	7.123441
7.905000	7.116553
7.910000	7.109089
7.915000	7.101494
7.920000	7.094286
7.925000	7.087717
7.930000	7.081599
7.935000	7.075373
7.940000	7.068350
7.945000	7.059864
7.950000	7.049330
7.955000	7.036311
7.960000	7.020634
7.965000	7.002425
7.970000	6.982011
7.975000	6.959773
7.980000	6.936106
7.985000	6.911477
7.990000	6.886395
7.995000	6.861248
8.000000	6.836204
8.005000	6.811269
8.010000	6.786506
8.015000	6.762266
8.020000	6.739288
8.025000	6.718589
8.030000	6.701173
8.035000	6.687699
8.040000	6.678310
8.045000	6.672824
8.050000	6.671169
8.055000	6.673693
8.060000	6.681071
8.065000	6.693894
8.070000	6.712193
8.075000	6.735233
8.080000	6.761787
8.085000	6.790737
8.090000	6.821458
8.095000	6.853739
8.100000	6.887491
8.105000	6.922462
8.110000	6.958051
8.115000	6.993333
8.120000	7.027267
8.125000	7.058941
8.130000	7.087708
8.135000	7.113211
8.140000	7.135361
8.145000	7.154282
8.150000	7.170200
8.155000	7.183290
8.160000	7.193660
8.165000	7.201553
8.170000	7.207578
8.175000	7.212716
8.180000	7.218100
8.185000	7.224729
8.190000	7.233203
8.195000	7.243447
8.200000	7.254554
8.205000	7.264908
8.210000	7.272678
8.215000	7.276424
8.220000	7.275472
8.225000	7.269955
8.230000	7.260685
8.235000	7.248959
8.240000	7.236343
8.245000	7.224432
8.250000	7.214573
8.255000	7.207614
8.260000	7.203788
8.265000	7.202795
8.270000	7.204097
8.275000	7.207256
8.280000	7.212153
8.285000	7.218912
8.290000	7.227648
8.295000	7.238263
8.300000	7.250483
8.305000	7.264044
8.310000	7.278808
8.315000	7.294622
8.320000	7.311009
8.325000	7.327055
8.330000	7.341622
8.335000	7.353711
8.340000	7.362590
8.345000	7.367645
8.350000	7.368263
8.355000	7.363951
8.360000	7.354564
8.365000	7.340387
8.370000	7.322044
8.375000	7.300378
8.380000	7.276400
8.385000	7.251208
8.390000	7.225832
8.395000	7.201076
8.400000	7.177403
8.405000	7.154873
8.410000	7.133205
8.415000	7.111968
8.420000	7.090902
8.425000	7.070222
8.430000	7.050768
8.435000	7.033883
8.440000	7.021069
8.445000	7.013581
8.450000	7.012080
8.455000	7.016468
8.460000	7.025975
8.465000	7.039454
8.470000	7.055716
8.475000	7.073709
8.480000	7.092520
8.485000	7.111242
8.490000	7.128894
8.495000	7.144489
8.500000	7.157229
8.505000	7.166680
8.510000	7.172845
8.515000	7.176082
8.520000	7.176919
8.525000	7.175901
8.530000	7.173567
8.535000	7.170520
8.540000	7.167498
8.545000	7.165313
8.550000	7.164667
8.555000	7.165944
8.560000	7.169034
8.565000	7.173273
8.570000	7.177582
8.575000	7.180701
8.580000	7.181414
8.585000	7.178806
8.590000	7.172567
8.595000	7.163095
8.600000	7.151259
8.605000	7.138026
8.610000	7.124217
8.615000	7.110508
8.620000	7.097517
8.625000	7.085820
8.630000	7.075824
8.635000	7.067600
8.640000	7.060856
8.645000	7.055163
8.650000	7.050185
8.655000	7.045700
8.660000	7.041449
8.665000	7.037068
8.670000	7.032084
8.675000	7.025939
8.680000	7.018026
8.685000	7.007791
8.690000	6.994826
8.695000	6.978907
8.700000	6.960055
8.705000	6.938617
8.710000	6.915260
8.715000	6.890882
8.720000	6.866515
8.725000	6.843245
8.730000	6.822237
8.735000	6.804860
8.740000	6.792701
8.745000	6.787289
8.750000	6.789567
8.755000	6.799401
8.760000	6.815391
8.765000	6.835071
8.770000	6.855401
8.775000	6.873509
8.780000	6.887483
8.785000	6.896919
8.790000	6.902940
8.795000	6.907637
8.800000	6.913212
8.805000	6.921265
8.810000	6.932486
8.815000	6.946682
8.820000	6.962955
8.825000	6.979889
8.830000	6.995737
8.835000	7.008743
8.840000	7.017601
8.845000	7.021808
8.850000	7.021684
8.855000	7.018118
8.860000	7.012284
8.865000	7.005458
8.870000	6.998878
8.875000	6.993604
8.880000	6.990410
8.885000	6.989727
8.890000	6.991591
8.895000	6.995620
8.900000	7.001090
8.905000	7.007153
8.910000	7.013113
8.915000	7.018613
8.920000	7.023602
8.925000	7.028092
8.930000	7.031875
8.935000	7.034455
8.940000	7.035211
8.945000	7.033612
8.950000	7.029353
8.955000	7.022382
8.960000	7.012828
8.965000	7.000931
8.970000	6.987079
8.975000	6.971937
8.980000	6.956483
8.985000	6.941753
8.990000	6.928448
8.995000	6.916735
9.000000	6.906401
9.005000	6.897165
9.010000	6.888879
9.015000	6.881611
9.020000	6.875667
9.025000	6.871509
9.030000	6.869591
9.035000	6.870247
9.040000	6.873670
9.045000	6.879960
9.050000	6.889096
9.055000	6.900822
9.060000	6.914508
9.065000	6.929049
9.070000	6.942886
9.075000	6.954182
9.080000	6.961155
9.085000	6.962527
9.090000	6.957943
9.095000	6.948172
9.100000	6.934946
9.105000	6.920503
9.110000	6.907010
9.115000	6.896100
9.120000	6.888604
9.125000	6.884561
9.130000	6.883484
9.135000	6.884736
9.140000	6.887829
9.145000	6.892546
9.150000	6.898850
9.155000	6.906650
9.160000	6.915629
9.165000	6.925239
9.170000	6.934791
9.175000	6.943560
9.180000	6.950968
9.185000	6.956761
9.190000	6.961044
9.195000	6.964183
9.200000	6.966673
9.205000	6.969056
9.210000	6.971809
9.215000	6.975183
9.220000	6.979132
9.225000	6.983421
9.230000	6.987778
9.235000	6.991939
9.240000	6.995687
9.245000	6.998943
9.250000	7.001756
9.255000	7.004184
9.260000	7.006154
9.265000	7.007459
9.270000	7.007961
9.275000	7.007909
9.280000	7.008132
9.285000	7.009919
9.290000	7.014675
9.295000	7.023514
9.300000	7.036954
9.305000	7.054831
9.310000	7.076479
9.315000	7.101005
9.320000	7.127486
9.325000	7.155060
9.330000	7.182940
9.335000	7.210386
9.340000	7.236608
9.345000	7.260684
9.350000	7.281610
9.355000	7.298436
9.360000	7.310396
9.365000	7.317014
9.370000	7.318209
9.375000	7.314295
9.380000	7.305894
9.385000	7.293836
9.390000	7.279091
9.395000	7.262603
9.400000	7.245054
9.405000	7.226834
9.410000	7.208248
9.415000	7.189816
9.420000	7.172413
9.425000	7.157123
9.430000	7.144903
9.435000	7.136281
9.440000	7.131263
9.445000	7.129358
9.450000	7.129652
9.455000	7.131005
9.460000	7.132364
9.465000	7.133109
9.470000	7.133231
9.475000	7.133304
9.480000	7.134268
9.485000	7.137117
9.490000	7.142591
9.495000	7.151023
9.500000	7.162310
9.505000	7.175932
9.510000	7.191008
9.515000	7.206421
9.520000	7.221003
9.525000	7.233745
9.530000	7.243932
9.535000	7.251185
9.540000	7.255371
9.545000	7.256433
9.550000	7.254263
9.555000	7.248722
9.560000	7.239763
9.565000	7.227589
9.570000	7.212750
9.575000	7.196099
9.580000	7.178601
9.585000	7.161045
9.590000	7.143736
9.595000	7.126318
9.600000	7.107850
9.605000	7.087235
9.610000	7.063821
9.615000	7.037837
9.620000	7.010416
9.625000	6.983194
9.630000	6.957747
9.635000	6.935211
9.640000	6.916237
9.645000	6.901124
9.650000	6.889951
9.655000	6.882672
9.660000	6.879129
9.665000	6.878985
9.670000	6.881628
9.675000	6.886204
9.680000	6.891850
9.685000	6.897955
9.690000	6.904208
9.695000	6.910389
9.700000	6.916114
9.705000	6.920737
9.710000	6.923520
9.715000	6.924026
9.720000	6.922488
9.725000	6.919930
9.730000	6.917956
9.735000	6.918327
9.740000	6.922441
9.745000	6.930921
9.750000	6.943526
9.755000	6.959388
9.760000	6.977372
9.765000	6.996340
9.770000	7.015233
9.775000	7.033024
9.780000	7.048725
9.785000	7.061507
9.790000	7.070832
9.795000	7.076506
9.800000	7.078635
9.805000	7.077526
9.810000	7.073575
9.815000	7.067175
9.820000	7.058653
9.825000	7.048259
9.830000	7.036245
9.835000	7.023009
9.840000	7.009279
9.845000	6.996195
9.850000	6.985170
9.855000	6.977600
9.860000	6.974585
9.865000	6.976727
9.870000	6.983955
9.875000	6.995472
9.880000	7.009847
9.885000	7.025318
9.890000	7.040189
9.895000	7.053152
9.900000	7.063443
9.905000	7.070797
9.910000	7.075341
9.915000	7.077473
9.920000	7.077741
9.925000	7.076693
9.930000	7.074746
9.935000	7.072119
9.940000	7.068845
9.945000	7.064827
9.950000	7.059946
9.955000	7.054110
9.960000	7.047257
9.965000	7.039376
9.970000	7.030658
9.975000	7.021679
9.980000	7.013448
9.985000	7.007179
9.990000	7.003913
9.995000	7.004208
