0.000000	0.488761	0.998687
0.005000	0.464847	0.994843
0.010000	0.426825	0.988752
0.015000	0.377552	0.980857
0.020000	0.321193	0.971725
0.025000	0.263150	0.961989
0.030000	0.209611	0.952286
0.035000	0.166580	0.943182
0.040000	0.138592	0.935112
0.045000	0.127679	0.928333
0.050000	0.133113	0.922921
0.055000	0.151974	0.918785
0.060000	0.180152	0.915716
0.065000	0.213321	0.913430
0.070000	0.247627	0.911627
0.075000	0.280064	0.910022
0.080000	0.308602	0.908380
0.085000	0.332215	0.906532
0.090000	0.350843	0.904383
0.095000	0.365338	0.901910
0.100000	0.377330	0.899149
0.105000	0.388986	0.896174
0.110000	0.402674	0.893070
0.115000	0.420618	0.889909
0.120000	0.444561	0.886724
0.125000	0.475462	0.883496
0.130000	0.513288	0.880146
0.135000	0.556956	0.876546
0.140000	0.604446	0.872530
0.145000	0.653042	0.867916
0.150000	0.699596	0.862529
0.155000	0.740834	0.856229
0.160000	0.773788	0.848933
0.165000	0.796287	0.840641
0.170000	0.807408	0.831449
0.175000	0.807823	0.821551
0.180000	0.800007	0.811226
0.185000	0.787925	0.800802
0.190000	0.776115	0.790610
0.195000	0.768680	0.780938
0.200000	0.768300	0.772002
0.205000	0.775254	0.763918
0.210000	0.787449	0.756715
0.215000	0.801813	0.750361
0.220000	0.815527	0.744791
0.225000	0.826453	0.739926
0.230000	0.833296	0.735688
0.235000	0.835485	0.732007
0.240000	0.832683	0.728820
0.245000	0.824598	0.726078
0.250000	0.811362	0.723759
0.255000	0.793636	0.721876
0.260000	0.772229	0.720472
0.265000	0.748148	0.719609
0.270000	0.722991	0.719345
0.275000	0.698563	0.719715
0.280000	0.675917	0.720713
0.285000	0.655116	0.722299
0.290000	0.635735	0.724418
0.295000	0.617406	0.727009
0.300000	0.600021	0.730023
0.305000	0.583568	0.733413
0.310000	0.567831	0.737138
0.315000	0.552356	0.741156
0.320000	0.536686	0.745427
0.325000	0.520601	0.749918
0.330000	0.504164	0.754597
0.335000	0.487628	0.759430
0.340000	0.471296	0.764379
0.345000	0.455413	0.769397
0.350000	0.440106	0.774434
0.355000	0.425393	0.779437
0.360000	0.411249	0.784363
0.365000	0.397683	0.789179
0.370000	0.384786	0.793866
0.375000	0.372706	0.798419
0.380000	0.361567	0.802841
0.385000	0.351417	0.807140
0.390000	0.342226	0.811323
0.395000	0.333923	0.815396
0.400000	0.326422	0.819361
0.405000	0.319633	0.823216
0.410000	0.313459	0.826956
0.415000	0.307812	0.830577
0.420000	0.302632	0.834073
0.425000	0.297906	0.837441
0.430000	0.293671	0.840681
0.435000	0.289991	0.843794
0.440000	0.286926	0.846780
0.445000	0.284508	0.849640
0.450000	0.282742	0.852373
0.455000	0.281627	0.854978
0.460000	0.281176	0.857451
0.465000	0.281415	0.859792
0.470000	0.282364	0.861997
0.475000	0.284003	0.864067
0.480000	0.286267	0.865998
0.485000	0.289067	0.867790
0.490000	0.292342	0.869441
0.495000	0.296099	0.870945
0.500000	0.300439	0.872298
0.505000	0.305525	0.873490
0.510000	0.311536	0.874513
0.515000	0.318599	0.875355
0.520000	0.326767	0.876002
0.525000	0.336018	0.876440
0.530000	0.346284	0.876652
0.535000	0.357461	0.876623
0.540000	0.369406	0.876337
0.545000	0.381928	0.875776
0.550000	0.394810	0.874925
0.555000	0.407862	0.873765
0.560000	0.420988	0.872282
0.565000	0.434226	0.870467
0.570000	0.447747	0.868315
0.575000	0.461835	0.865831
0.580000	0.476818	0.863024
0.585000	0.492987	0.859905
0.590000	0.510494	0.856483
0.595000	0.529276	0.852756
0.600000	0.549038	0.848719
0.605000	0.569322	0.844365
0.610000	0.589596	0.839696
0.615000	0.609345	0.834718
0.620000	0.628158	0.829454
0.625000	0.645816	0.823931
0.630000	0.662354	0.818182
0.635000	0.678073	0.812237
0.640000	0.693316	0.806121
0.645000	0.708054	0.799848
0.650000	0.721714	0.793432
0.655000	0.733430	0.786887
0.660000	0.742477	0.780243
0.665000	0.748579	0.773540
0.670000	0.751919	0.766832
0.675000	0.752950	0.760180
0.680000	0.752179	0.753654
0.685000	0.749961	0.747324
0.690000	0.746294	0.741249
0.695000	0.740706	0.735465
0.700000	0.732457	0.729989
0.705000	0.721068	0.724840
0.710000	0.706847	0.720047
0.715000	0.691056	0.715653
0.720000	0.675486	0.711700
0.725000	0.661511	0.708212
0.730000	0.649358	0.705190
0.735000	0.638282	0.702615
0.740000	0.627316	0.700456
0.745000	0.615774	0.698685
0.750000	0.603337	0.697271
0.755000	0.590003	0.696188
0.760000	0.576036	0.695412
0.765000	0.561875	0.694923
0.770000	0.547942	0.694709
0.775000	0.534518	0.694766
0.780000	0.521695	0.695097
0.785000	0.509314	0.695703
0.790000	0.496989	0.696589
0.795000	0.484348	0.697755
0.800000	0.471284	0.699204
0.805000	0.458004	0.700937
0.810000	0.444930	0.702956
0.815000	0.432545	0.705257
0.820000	0.421261	0.707833
0.825000	0.411334	0.710670
0.830000	0.402813	0.713747
0.835000	0.395544	0.717040
0.840000	0.389243	0.720517
0.845000	0.383629	0.724149
0.850000	0.378565	0.727906
0.855000	0.374070	0.731768
0.860000	0.370222	0.735718
0.865000	0.367054	0.739748
0.870000	0.364533	0.743850
0.875000	0.362593	0.748016
0.880000	0.361155	0.752236
0.885000	0.360145	0.756497
0.890000	0.359495	0.760786
0.895000	0.359147	0.765089
0.900000	0.359062	0.769394
0.905000	0.359229	0.773691
0.910000	0.359652	0.777970
0.915000	0.360332	0.782224
0.920000	0.361269	0.786448
0.925000	0.362490	0.790638
0.930000	0.364084	0.794791
0.935000	0.366213	0.798904
0.940000	0.369084	0.802967
0.945000	0.372868	0.806965
0.950000	0.377634	0.810873
0.955000	0.383299	0.814662
0.960000	0.389657	0.818299
0.965000	0.396442	0.821751
0.970000	0.403429	0.824993
0.975000	0.410508	0.828005
0.980000	0.417719	0.830776
0.985000	0.425222	0.833304
0.990000	0.433210	0.835588
0.995000	0.441804	0.837627
1.000000	0.450983	0.839422
1.005000	0.460579	0.840970
1.010000	0.470350	0.842267
1.015000	0.480081	0.843312
1.020000	0.489650	0.844102
1.025000	0.499040	0.844642
1.030000	0.508273	0.844934
1.035000	0.517347	0.844979
1.040000	0.526270	0.844774
1.045000	0.535173	0.844312
1.050000	0.544349	0.843583
1.055000	0.554102	0.842572
1.060000	0.564496	0.841258
1.065000	0.575180	0.839609
1.070000	0.585424	0.837592
1.075000	0.594406	0.835176
1.080000	0.601568	0.832340
1.085000	0.606802	0.829080
1.090000	0.610363	0.825405
1.095000	0.612671	0.821343
1.100000	0.614178	0.816935
1.105000	0.615270	0.812233
1.110000	0.616183	0.807299
1.115000	0.616910	0.802197
1.120000	0.617206	0.796983
1.125000	0.616679	0.791704
1.130000	0.614932	0.786403
1.135000	0.611722	0.781120
1.140000	0.607110	0.775894
1.145000	0.601470	0.770760
1.150000	0.595265	0.765745
1.155000	0.588765	0.760853
1.160000	0.581945	0.756076
1.165000	0.574607	0.751395
1.170000	0.566591	0.746794
1.175000	0.557914	0.742271
1.180000	0.548772	0.737838
1.185000	0.539493	0.733526
1.190000	0.530462	0.729377
1.195000	0.522028	0.725439
1.200000	0.514416	0.721767
1.205000	0.507691	0.718411
1.210000	0.501781	0.715416
1.215000	0.496531	0.712819
1.220000	0.491793	0.710649
1.225000	0.487476	0.708922
1.230000	0.483571	0.707643
1.235000	0.480109	0.706799
1.240000	0.477091	0.706361
1.245000	0.474418	0.706283
1.250000	0.471890	0.706512
1.255000	0.469267	0.706990
1.260000	0.466365	0.707662
1.265000	0.463147	0.708483
1.270000	0.459731	0.709415
1.275000	0.456348	0.710434
1.280000	0.453222	0.711523
1.285000	0.450470	0.712676
1.290000	0.448072	0.713894
1.295000	0.445939	0.715187
1.300000	0.443999	0.716569
1.305000	0.442230	0.718051
1.310000	0.440648	0.719645
1.315000	0.439277	0.721355
1.320000	0.438132	0.723180
1.325000	0.437261	0.725120
1.330000	0.436773	0.727171
1.335000	0.436795	0.729328
1.340000	0.437393	0.731581
1.345000	0.438537	0.733917
1.350000	0.440141	0.736321
1.355000	0.442120	0.738776
1.360000	0.444426	0.741269
1.365000	0.447069	0.743790
1.370000	0.450094	0.746334
1.375000	0.453503	0.748900
1.380000	0.457201	0.751491
1.385000	0.461036	0.754108
1.390000	0.464901	0.756758
1.395000	0.468820	0.759445
1.400000	0.472935	0.762170
1.405000	0.477386	0.764927
1.410000	0.482189	0.767700
1.415000	0.487197	0.770459
1.420000	0.492178	0.773168
1.425000	0.496912	0.775786
1.430000	0.501255	0.778274
1.435000	0.505161	0.780600
1.440000	0.508680	0.782744
1.445000	0.511909	0.784700
1.450000	0.514921	0.786474
1.455000	0.517730	0.788083
1.460000	0.520338	0.789545
1.465000	0.522793	0.790879
1.470000	0.525176	0.792093
1.475000	0.527510	0.793191
1.480000	0.529722	0.794166
1.485000	0.531668	0.795009
1.490000	0.533208	0.795715
1.495000	0.534269	0.796282
1.500000	0.534886	0.796716
1.505000	0.535232	0.797029
1.510000	0.535554	0.797238
1.515000	0.536024	0.797361
1.520000	0.536637	0.797416
1.525000	0.537256	0.797421
1.530000	0.537781	0.797397
1.535000	0.538221	0.797365
1.540000	0.538588	0.797340
1.545000	0.538740	0.797326
1.550000	0.538422	0.797314
1.555000	0.537413	0.797284
1.560000	0.535582	0.797213
1.565000	0.532892	0.797078
1.570000	0.529417	0.796861
1.575000	0.525379	0.796550
1.580000	0.521108	0.796137
1.585000	0.516945	0.795616
1.590000	0.513138	0.794987
1.595000	0.509800	0.794245
1.600000	0.506850	0.793385
1.605000	0.503949	0.792400
1.610000	0.500625	0.791289
1.615000	0.496614	0.790060
1.620000	0.492051	0.788738
1.625000	0.487352	0.787361
1.630000	0.482964	0.785975
1.635000	0.479155	0.784625
1.640000	0.475955	0.783349
1.645000	0.473210	0.782179
1.650000	0.470690	0.781135
1.655000	0.468197	0.780228
1.660000	0.465671	0.779462
1.665000	0.463242	0.778835
1.670000	0.461187	0.778340
1.675000	0.459791	0.777971
1.680000	0.459195	0.777718
1.685000	0.459307	0.777575
1.690000	0.459852	0.777529
1.695000	0.460500	0.777571
1.700000	0.460966	0.777688
1.705000	0.461094	0.777868
1.710000	0.460917	0.778101
1.715000	0.460647	0.778382
1.720000	0.460565	0.778711
1.725000	0.460910	0.779092
1.730000	0.461806	0.779527
1.735000	0.463289	0.780015
1.740000	0.465354	0.780548
1.745000	0.467954	0.781110
1.750000	0.470927	0.781684
1.755000	0.473946	0.782253
1.760000	0.476590	0.782804
1.765000	0.478528	0.783334
1.770000	0.479674	0.783850
1.775000	0.480218	0.784375
1.780000	0.480539	0.784935
1.785000	0.481097	0.785562
1.790000	0.482320	0.786281
1.795000	0.484486	0.787113
1.800000	0.487631	0.788064
1.805000	0.491547	0.789134
1.810000	0.495854	0.790312
1.815000	0.500140	0.791586
1.820000	0.504094	0.792940
1.825000	0.507542	0.794366
1.830000	0.510409	0.795855
1.835000	0.512663	0.797404
1.840000	0.514308	0.799013
1.845000	0.515467	0.800687
1.850000	0.516457	0.802431
1.855000	0.517753	0.804250
1.860000	0.519816	0.806139
1.865000	0.522930	0.808080
1.870000	0.527107	0.810035
1.875000	0.532086	0.811957
1.880000	0.537459	0.813791
1.885000	0.542810	0.815486
1.890000	0.547708	0.816997
1.895000	0.551693	0.818289
1.900000	0.554394	0.819345
1.905000	0.555674	0.820162
1.910000	0.555634	0.820752
1.915000	0.554530	0.821138
1.920000	0.552692	0.821349
1.925000	0.550476	0.821410
1.930000	0.548171	0.821339
1.935000	0.545890	0.821143
1.940000	0.543508	0.820817
1.945000	0.540721	0.820352
1.950000	0.537178	0.819745
1.955000	0.532622	0.819004
1.960000	0.526990	0.818155
1.965000	0.520462	0.817236
1.970000	0.513446	0.816295
1.975000	0.506521	0.815382
1.980000	0.500352	0.814542
1.985000	0.495534	0.813809
1.990000	0.492400	0.813197
1.995000	0.490861	0.812697
2.000000	0.490448	0.812287
2.005000	0.490524	0.811936
2.010000	0.490522	0.811618
2.015000	0.490072	0.811318
2.020000	0.489011	0.811035
2.025000	0.487352	0.810784
2.030000	0.485236	0.810588
2.035000	0.482875	0.810475
2.040000	0.480496	0.810464
2.045000	0.478300	0.810563
2.050000	0.476399	0.810766
2.055000	0.474765	0.811052
2.060000	0.473226	0.811393
2.065000	0.471553	0.811761
2.070000	0.469584	0.812126
2.075000	0.467313	0.812468
2.080000	0.464906	0.812769
2.085000	0.462617	0.813019
2.090000	0.460675	0.813214
2.095000	0.459206	0.813358
2.100000	0.458223	0.813458
2.105000	0.457639	0.813527
2.110000	0.457314	0.813584
2.115000	0.457133	0.813648
2.120000	0.457060	0.813745
2.125000	0.457128	0.813896
2.130000	0.457386	0.814121
2.135000	0.457852	0.814431
2.140000	0.458527	0.814828
2.145000	0.459442	0.815305
2.150000	0.460656	0.815846
2.155000	0.462203	0.816432
2.160000	0.464046	0.817043
2.165000	0.466078	0.817665
2.170000	0.468181	0.818286
2.175000	0.470318	0.818904
2.180000	0.472555	0.819518
2.185000	0.475018	0.820127
2.190000	0.477774	0.820727
2.195000	0.480746	0.821306
2.200000	0.483749	0.821852
2.205000	0.486594	0.822352
2.210000	0.489190	0.822799
2.215000	0.491565	0.823196
2.220000	0.493806	0.823554
2.225000	0.495976	0.823892
2.230000	0.498080	0.824230
2.235000	0.500128	0.824589
2.240000	0.502219	0.824982
2.245000	0.504547	0.825418
2.250000	0.507295	0.825892
2.255000	0.510533	0.826393
2.260000	0.514177	0.826901
2.265000	0.517984	0.827396
2.270000	0.521605	0.827860
2.275000	0.524701	0.828280
2.280000	0.527094	0.828646
2.285000	0.528834	0.828953
2.290000	0.530143	0.829199
2.295000	0.531296	0.829385
2.300000	0.532523	0.829515
2.305000	0.533970	0.829599
2.310000	0.535672	0.829654
2.315000	0.537520	0.829698
2.320000	0.539261	0.829747
2.325000	0.540578	0.829813
2.330000	0.541196	0.829906
2.335000	0.540986	0.830033
2.340000	0.540031	0.830200
2.345000	0.538559	0.830414
2.350000	0.536815	0.830674
2.355000	0.534982	0.830977
2.360000	0.533181	0.831309
2.365000	0.531509	0.831651
2.370000	0.530037	0.831977
2.375000	0.528785	0.832261
2.380000	0.527685	0.832479
2.385000	0.526574	0.832614
2.390000	0.525216	0.832656
2.395000	0.523332	0.832597
2.400000	0.520631	0.832435
2.405000	0.516906	0.832169
2.410000	0.512167	0.831798
2.415000	0.506708	0.831331
2.420000	0.501025	0.830782
2.425000	0.495636	0.830169
2.430000	0.490932	0.829518
2.435000	0.487122	0.828854
2.440000	0.484268	0.828208
2.445000	0.482312	0.827610
2.450000	0.481070	0.827087
2.455000	0.480269	0.826661
2.460000	0.479609	0.826344
2.465000	0.478841	0.826136
2.470000	0.477831	0.826028
2.475000	0.476592	0.826008
2.480000	0.475282	0.826063
2.485000	0.474140	0.826182
2.490000	0.473374	0.826360
2.495000	0.473066	0.826588
2.500000	0.473121	0.826858
2.505000	0.473288	0.827158
2.510000	0.473243	0.827476
2.515000	0.472711	0.827806
2.520000	0.471589	0.828146
2.525000	0.469988	0.828502
2.530000	0.468193	0.828883
2.535000	0.466557	0.829300
2.540000	0.465410	0.829756
2.545000	0.464994	0.830251
2.550000	0.465415	0.830776
2.555000	0.466597	0.831315
2.560000	0.468280	0.831846
2.565000	0.470105	0.832346
2.570000	0.471755	0.832794
2.575000	0.473080	0.833176
2.580000	0.474125	0.833480
2.585000	0.475031	0.833699
2.590000	0.475877	0.833826
2.595000	0.476618	0.833853
2.600000	0.477162	0.833774
2.605000	0.477515	0.833590
2.610000	0.477843	0.833314
2.615000	0.478418	0.832965
2.620000	0.479531	0.832568
2.625000	0.481413	0.832149
2.630000	0.484165	0.831729
2.635000	0.487725	0.831326
2.640000	0.491883	0.830951
2.645000	0.496358	0.830612
2.650000	0.500871	0.830308
2.655000	0.505138	0.830034
2.660000	0.508837	0.829775
2.665000	0.511642	0.829510
2.670000	0.513315	0.829213
2.675000	0.513756	0.828855
2.680000	0.513027	0.828415
2.685000	0.511343	0.827879
2.690000	0.509040	0.827247
2.695000	0.506536	0.826532
2.700000	0.504310	0.825762
2.705000	0.502858	0.824970
2.710000	0.502572	0.824187
2.715000	0.503582	0.823437
2.720000	0.505691	0.822728
2.725000	0.508442	0.822052
2.730000	0.511303	0.821396
2.735000	0.513835	0.820741
2.740000	0.515753	0.820080
2.745000	0.516925	0.819412
2.750000	0.517364	0.818747
2.755000	0.517231	0.818100
2.760000	0.516812	0.817487
2.765000	0.516453	0.816920
2.770000	0.516487	0.816404
2.775000	0.517130	0.815935
2.780000	0.518373	0.815502
2.785000	0.519921	0.815083
2.790000	0.521269	0.814659
2.795000	0.521906	0.814211
2.800000	0.521564	0.813731
2.805000	0.520356	0.813226
2.810000	0.518665	0.812714
2.815000	0.516900	0.812225
2.820000	0.515361	0.811791
2.825000	0.514220	0.811446
2.830000	0.513473	0.811217
2.835000	0.512928	0.811121
2.840000	0.512299	0.811163
2.845000	0.511351	0.811340
2.850000	0.509974	0.811641
2.855000	0.508192	0.812055
2.860000	0.506154	0.812568
2.865000	0.504112	0.813168
2.870000	0.502345	0.813844
2.875000	0.501054	0.814584
2.880000	0.500285	0.815376
2.885000	0.499918	0.816203
2.890000	0.499713	0.817051
2.895000	0.499403	0.817908
2.900000	0.498782	0.818763
2.905000	0.497745	0.819610
2.910000	0.496333	0.820447
2.915000	0.494730	0.821272
2.920000	0.493152	0.822087
2.925000	0.491690	0.822896
2.930000	0.490277	0.823702
2.935000	0.488789	0.824512
2.940000	0.487170	0.825332
2.945000	0.485509	0.826179
2.950000	0.484035	0.827068
2.955000	0.483029	0.828017
2.960000	0.482693	0.829032
2.965000	0.483053	0.830112
2.970000	0.483951	0.831237
2.975000	0.485107	0.832381
2.980000	0.486173	0.833509
2.985000	0.486798	0.834591
2.990000	0.486706	0.835603
2.995000	0.485781	0.836535
3.000000	0.484101	0.837393
3.005000	0.481930	0.838197
3.010000	0.479639	0.838973
3.015000	0.477594	0.839748
3.020000	0.476101	0.840547
3.025000	0.475392	0.841386
3.030000	0.475600	0.842278
3.035000	0.476717	0.843229
3.040000	0.478578	0.844234
3.045000	0.480938	0.845281
3.050000	0.483554	0.846351
3.055000	0.486220	0.847417
3.060000	0.488739	0.848454
3.065000	0.490912	0.849440
3.070000	0.492536	0.850358
3.075000	0.493441	0.851202
3.080000	0.493535	0.851968
3.085000	0.492872	0.852655
3.090000	0.491670	0.853264
3.095000	0.490286	0.853795
3.100000	0.489131	0.854245
3.105000	0.488536	0.854612
3.110000	0.488659	0.854893
3.115000	0.489505	0.855090
3.120000	0.491029	0.855204
3.125000	0.493192	0.855240
3.130000	0.495922	0.855200
3.135000	0.499044	0.855080
3.140000	0.502230	0.854870
3.145000	0.505037	0.854555
3.150000	0.507077	0.854125
3.155000	0.508191	0.853575
3.160000	0.508429	0.852910
3.165000	0.507929	0.852144
3.170000	0.506842	0.851288
3.175000	0.505324	0.850358
3.180000	0.503516	0.849366
3.185000	0.501519	0.848325
3.190000	0.499429	0.847253
3.195000	0.497396	0.846172
3.200000	0.495652	0.845109
3.205000	0.494471	0.844088
3.210000	0.494060	0.843127
3.215000	0.494479	0.842232
3.220000	0.495648	0.841393
3.225000	0.497427	0.840594
3.230000	0.499648	0.839816
3.235000	0.502073	0.839039
3.240000	0.504388	0.838245
3.245000	0.506284	0.837416
3.250000	0.507552	0.836539
3.255000	0.508130	0.835601
3.260000	0.508108	0.834593
3.265000	0.507715	0.833515
3.270000	0.507216	0.832366
3.275000	0.506749	0.831149
3.280000	0.506222	0.829867
3.285000	0.505384	0.828524
3.290000	0.504076	0.827133
3.295000	0.502457	0.825721
3.300000	0.500989	0.824322
3.305000	0.500140	0.822978
3.310000	0.500056	0.821730
3.315000	0.500460	0.820612
3.320000	0.500853	0.819649
3.325000	0.500817	0.818861
3.330000	0.500239	0.818261
3.335000	0.499332	0.817857
3.340000	0.498493	0.817647
3.345000	0.498073	0.817616
3.350000	0.498186	0.817733
3.355000	0.498663	0.817959
3.360000	0.499187	0.818250
3.365000	0.499488	0.818566
3.370000	0.499411	0.818878
3.375000	0.498856	0.819164
3.380000	0.497767	0.819411
3.385000	0.496231	0.819612
3.390000	0.494591	0.819772
3.395000	0.493372	0.819899
3.400000	0.493073	0.820010
3.405000	0.493924	0.820121
3.410000	0.495789	0.820251
3.415000	0.498255	0.820413
3.420000	0.500841	0.820620
3.425000	0.503188	0.820882
3.430000	0.505121	0.821204
3.435000	0.506588	0.821588
3.440000	0.507572	0.822027
3.445000	0.508028	0.822508
3.450000	0.507888	0.823007
3.455000	0.507086	0.823497
3.460000	0.505607	0.823953
3.465000	0.503549	0.824354
3.470000	0.501135	0.824694
3.475000	0.498638	0.824983
3.480000	0.496319	0.825240
3.485000	0.494408	0.825492
3.490000	0.493092	0.825769
3.495000	0.492463	0.826093
3.500000	0.492476	0.826482
3.505000	0.492957	0.826951
3.510000	0.493661	0.827505
3.515000	0.494347	0.828148
3.520000	0.494846	0.828877
3.525000	0.495108	0.829686
3.530000	0.495165	0.830565
3.535000	0.495039	0.831506
3.540000	0.494694	0.832497
3.545000	0.494058	0.833528
3.550000	0.493100	0.834585
3.555000	0.491883	0.835653
3.560000	0.490595	0.836722
3.565000	0.489510	0.837782
3.570000	0.488901	0.838828
3.575000	0.488928	0.839862
3.580000	0.489578	0.840891
3.585000	0.490721	0.841925
3.590000	0.492192	0.842976
3.595000	0.493838	0.844047
3.600000	0.495492	0.845134
3.605000	0.496927	0.846218
3.610000	0.497858	0.847274
3.615000	0.498004	0.848275
3.620000	0.497197	0.849203
3.625000	0.495496	0.850046
3.630000	0.493232	0.850803
3.635000	0.490936	0.851479
3.640000	0.489139	0.852085
3.645000	0.488142	0.852633
3.650000	0.487933	0.853135
3.655000	0.488319	0.853607
3.660000	0.489111	0.854067
3.665000	0.490200	0.854535
3.670000	0.491525	0.855026
3.675000	0.493004	0.855548
3.680000	0.494522	0.856100
3.685000	0.495942	0.856669
3.690000	0.497140	0.857237
3.695000	0.498010	0.857782
3.700000	0.498442	0.858280
3.705000	0.498298	0.858705
3.710000	0.497463	0.859033
3.715000	0.495970	0.859243
3.720000	0.494085	0.859321
3.725000	0.492266	0.859265
3.730000	0.490986	0.859078
3.735000	0.490570	0.858770
3.740000	0.491166	0.858353
3.745000	0.492790	0.857844
3.750000	0.495296	0.857260
3.755000	0.498335	0.856617
3.760000	0.501406	0.855935
3.765000	0.504003	0.855232
3.770000	0.505750	0.854530
3.775000	0.506503	0.853851
3.780000	0.506378	0.853212
3.785000	0.505670	0.852622
3.790000	0.504686	0.852077
3.795000	0.503625	0.851559
3.800000	0.502606	0.851041
3.805000	0.501743	0.850496
3.810000	0.501135	0.849902
3.815000	0.500784	0.849254
3.820000	0.500585	0.848555
3.825000	0.500396	0.847826
3.830000	0.500127	0.847094
3.835000	0.499758	0.846394
3.840000	0.499309	0.845757
3.845000	0.498849	0.845206
3.850000	0.498489	0.844753
3.855000	0.498341	0.844392
3.860000	0.498474	0.844106
3.865000	0.498923	0.843872
3.870000	0.499683	0.843665
3.875000	0.500677	0.843460
3.880000	0.501758	0.843236
3.885000	0.502782	0.842977
3.890000	0.503676	0.842672
3.895000	0.504459	0.842325
3.900000	0.505180	0.841945
3.905000	0.505828	0.841554
3.910000	0.506273	0.841173
3.915000	0.506271	0.840820
3.920000	0.505540	0.840510
3.925000	0.503903	0.840249
3.930000	0.501451	0.840044
3.935000	0.498578	0.839898
3.940000	0.495832	0.839814
3.945000	0.493693	0.839790
3.950000	0.492443	0.839817
3.955000	0.492141	0.839884
3.960000	0.492642	0.839972
3.965000	0.493649	0.840066
3.970000	0.494838	0.840158
3.975000	0.495984	0.840240
3.980000	0.496965	0.840312
3.985000	0.497631	0.840368
3.990000	0.497751	0.840405
3.995000	0.497122	0.840422
4.000000	0.495696	0.840434
4.005000	0.493609	0.840466
4.010000	0.491121	0.840548
4.015000	0.488560	0.840712
4.020000	0.486272	0.840977
4.025000	0.484563	0.841345
4.030000	0.483671	0.841807
4.035000	0.483769	0.842334
4.040000	0.484977	0.842895
4.045000	0.487297	0.843451
4.050000	0.490460	0.843960
4.055000	0.493907	0.844376
4.060000	0.496985	0.844663
4.065000	0.499222	0.844796
4.070000	0.500417	0.844774
4.075000	0.500572	0.844618
4.080000	0.499856	0.844363
4.085000	0.498601	0.844053
4.090000	0.497257	0.843735
4.095000	0.496242	0.843450
4.100000	0.495780	0.843230
4.105000	0.495830	0.843093
4.110000	0.496157	0.843049
4.115000	0.496489	0.843092
4.120000	0.496647	0.843217
4.125000	0.496589	0.843410
4.130000	0.496399	0.843660
4.135000	0.496233	0.843951
4.140000	0.496266	0.844270
4.145000	0.496605	0.844598
4.150000	0.497223	0.844914
4.155000	0.497993	0.845194
4.160000	0.498805	0.845419
4.165000	0.499590	0.845578
4.170000	0.500271	0.845669
4.175000	0.500734	0.845704
4.180000	0.500854	0.845701
4.185000	0.500535	0.845684
4.190000	0.499728	0.845677
4.195000	0.498460	0.845706
4.200000	0.496872	0.845791
4.205000	0.495229	0.845950
4.210000	0.493836	0.846193
4.215000	0.492937	0.846523
4.220000	0.492657	0.846934
4.225000	0.492991	0.847417
4.230000	0.493836	0.847959
4.235000	0.495067	0.848548
4.240000	0.496625	0.849172
4.245000	0.498503	0.849819
4.250000	0.500699	0.850473
4.255000	0.503163	0.851114
4.260000	0.505748	0.851723
4.265000	0.508167	0.852282
4.270000	0.510038	0.852782
4.275000	0.511037	0.853222
4.280000	0.511026	0.853617
4.285000	0.510070	0.853992
4.290000	0.508409	0.854378
4.295000	0.506396	0.854802
4.300000	0.504401	0.855278
4.305000	0.502705	0.855804
4.310000	0.501437	0.856358
4.315000	0.500555	0.856904
4.320000	0.499921	0.857409
4.325000	0.499426	0.857844
4.330000	0.499082	0.858190
4.335000	0.499003	0.858442
4.340000	0.499303	0.858599
4.345000	0.500004	0.858663
4.350000	0.500979	0.858634
4.355000	0.501981	0.858506
4.360000	0.502699	0.858271
4.365000	0.502807	0.857925
4.370000	0.502005	0.857473
4.375000	0.500109	0.856932
4.380000	0.497194	0.856338
4.385000	0.493700	0.855734
4.390000	0.490355	0.855166
4.395000	0.487870	0.854668
4.400000	0.486611	0.854253
4.405000	0.486473	0.853908
4.410000	0.487009	0.853610
4.415000	0.487687	0.853327
4.420000	0.488120	0.853033
4.425000	0.488142	0.852712
4.430000	0.487748	0.852360
4.435000	0.487036	0.851982
4.440000	0.486215	0.851589
4.445000	0.485616	0.851195
4.450000	0.485610	0.850808
4.455000	0.486446	0.850430
4.460000	0.488125	0.850054
4.465000	0.490374	0.849664
4.470000	0.492703	0.849245
4.475000	0.494512	0.848785
4.480000	0.495245	0.848283
4.485000	0.494625	0.847753
4.490000	0.492795	0.847226
4.495000	0.490271	0.846745
4.500000	0.487762	0.846359
4.505000	0.485939	0.846106
4.510000	0.485223	0.846012
4.515000	0.485701	0.846072
4.520000	0.487173	0.846258
4.525000	0.489274	0.846519
4.530000	0.491578	0.846797
4.535000	0.493663	0.847035
4.540000	0.495189	0.847191
4.545000	0.496011	0.847242
4.550000	0.496255	0.847190
4.555000	0.496277	0.847053
4.560000	0.496491	0.846857
4.565000	0.497176	0.846630
4.570000	0.498365	0.846395
4.575000	0.499856	0.846166
4.580000	0.501313	0.845953
4.585000	0.502437	0.845764
4.590000	0.503067	0.845612
4.595000	0.503205	0.845520
4.600000	0.502957	0.845514
4.605000	0.502467	0.845625
4.610000	0.501881	0.845877
4.615000	0.501326	0.846278
4.620000	0.500882	0.846822
4.625000	0.500580	0.847487
4.630000	0.500433	0.848240
4.635000	0.500455	0.849043
4.640000	0.500613	0.849858
4.645000	0.500818	0.850654
4.650000	0.501009	0.851413
4.655000	0.501264	0.852129
4.660000	0.501798	0.852810
4.665000	0.502864	0.853466
4.670000	0.504640	0.854107
4.675000	0.507139	0.854733
4.680000	0.510133	0.855331
4.685000	0.513155	0.855883
4.690000	0.515641	0.856366
4.695000	0.517166	0.856763
4.700000	0.517585	0.857070
4.705000	0.517025	0.857292
4.710000	0.515753	0.857451
4.715000	0.514030	0.857575
4.720000	0.512050	0.857693
4.725000	0.509967	0.857831
4.730000	0.507918	0.858006
4.735000	0.505991	0.858218
4.740000	0.504212	0.858457
4.745000	0.502599	0.858705
4.750000	0.501227	0.858946
4.755000	0.500217	0.859171
4.760000	0.499656	0.859375
4.765000	0.499531	0.859558
4.770000	0.499721	0.859724
4.775000	0.500046	0.859880
4.780000	0.500296	0.860030
4.785000	0.500257	0.860183
4.790000	0.499742	0.860341
4.795000	0.498664	0.860507
4.800000	0.497093	0.860687
4.805000	0.495236	0.860883
4.810000	0.493362	0.861104
4.815000	0.491713	0.861356
4.820000	0.490447	0.861644
4.825000	0.489646	0.861969
4.830000	0.489393	0.862324
4.835000	0.489800	0.862701
4.840000	0.490929	0.863086
4.845000	0.492626	0.863462
4.850000	0.494487	0.863811
4.855000	0.495991	0.864111
4.860000	0.496704	0.864345
4.865000	0.496438	0.864501
4.870000	0.495288	0.864581
4.875000	0.493540	0.864595
4.880000	0.491506	0.864560
4.885000	0.489411	0.864489
4.890000	0.487393	0.864388
4.895000	0.485548	0.864251
4.900000	0.483963	0.864062
4.905000	0.482701	0.863794
4.910000	0.481781	0.863422
4.915000	0.481175	0.862924
4.920000	0.480822	0.862291
4.925000	0.480677	0.861529
4.930000	0.480741	0.860665
4.935000	0.481034	0.859739
4.940000	0.481540	0.858798
4.945000	0.482193	0.857888
4.950000	0.482903	0.857044
4.955000	0.483568	0.856280
4.960000	0.484081	0.855594
4.965000	0.484372	0.854969
4.970000	0.484464	0.854377
4.975000	0.484514	0.853791
4.980000	0.484774	0.853188
4.985000	0.485464	0.852551
4.990000	0.486632	0.851868
4.995000	0.488095	0.851134
5.000000	0.489496	0.850349
5.005000	0.490470	0.849518
5.010000	0.490798	0.848655
5.015000	0.490491	0.847783
5.020000	0.489757	0.846928
5.025000	0.488899	0.846118
5.030000	0.488225	0.845377
5.035000	0.488029	0.844723
5.040000	0.488568	0.844168
5.045000	0.490015	0.843711
5.050000	0.492379	0.843344
5.055000	0.495429	0.843049
5.060000	0.498708	0.842802
5.065000	0.501667	0.842576
5.070000	0.503890	0.842346
5.075000	0.505260	0.842095
5.080000	0.505995	0.841815
5.085000	0.506497	0.841506
5.090000	0.507131	0.841173
5.095000	0.508036	0.840820
5.100000	0.509089	0.840453
5.105000	0.510018	0.840078
5.110000	0.510570	0.839704
5.115000	0.510618	0.839347
5.120000	0.510204	0.839027
5.125000	0.509510	0.838768
5.130000	0.508812	0.838591
5.135000	0.508394	0.838515
5.140000	0.508448	0.838550
5.145000	0.509002	0.838700
5.150000	0.509938	0.838958
5.155000	0.511078	0.839308
5.160000	0.512261	0.839728
5.165000	0.513351	0.840188
5.170000	0.514216	0.840660
5.175000	0.514757	0.841120
5.180000	0.514966	0.841556
5.185000	0.514894	0.841973
5.190000	0.514578	0.842395
5.195000	0.514034	0.842856
5.200000	0.513348	0.843404
5.205000	0.512747	0.844083
5.210000	0.512523	0.844932
5.215000	0.512849	0.845977
5.220000	0.513628	0.847222
5.225000	0.514557	0.848649
5.230000	0.515330	0.850221
5.235000	0.515774	0.851884
5.240000	0.515791	0.853578
5.245000	0.515237	0.855246
5.250000	0.513903	0.856842
5.255000	0.511651	0.858343
5.260000	0.508579	0.859747
5.265000	0.505038	0.861068
5.270000	0.501509	0.862332
5.275000	0.498423	0.863560
5.280000	0.496050	0.864767
5.285000	0.494482	0.865959
5.290000	0.493671	0.867135
5.295000	0.493454	0.868292
5.300000	0.493585	0.869423
5.305000	0.493780	0.870522
5.310000	0.493779	0.871583
5.315000	0.493393	0.872597
5.320000	0.492534	0.873551
5.325000	0.491249	0.874438
5.330000	0.489692	0.875248
5.335000	0.488062	0.875978
5.340000	0.486524	0.876624
5.345000	0.485166	0.877183
5.350000	0.484004	0.877650
5.355000	0.483000	0.878021
5.360000	0.482107	0.878296
5.365000	0.481298	0.878481
5.370000	0.480574	0.878592
5.375000	0.479969	0.878655
5.380000	0.479565	0.878702
5.385000	0.479486	0.878762
5.390000	0.479822	0.878854
5.395000	0.480547	0.878981
5.400000	0.481501	0.879131
5.405000	0.482485	0.879276
5.410000	0.483369	0.879386
5.415000	0.484105	0.879429
5.420000	0.484687	0.879382
5.425000	0.485111	0.879229
5.430000	0.485380	0.878967
5.435000	0.485521	0.878601
5.440000	0.485578	0.878143
5.445000	0.485543	0.877604
5.450000	0.485302	0.876988
5.455000	0.484684	0.876297
5.460000	0.483569	0.875527
5.465000	0.482007	0.874679
5.470000	0.480255	0.873759
5.475000	0.478727	0.872782
5.480000	0.477840	0.871768
5.485000	0.477859	0.870746
5.490000	0.478807	0.869740
5.495000	0.480495	0.868769
5.500000	0.482617	0.867841
5.505000	0.484879	0.866953
5.510000	0.487085	0.866092
5.515000	0.489162	0.865238
5.520000	0.491106	0.864372
5.525000	0.492909	0.863478
5.530000	0.494525	0.862545
5.535000	0.495926	0.861572
5.540000	0.497162	0.860568
5.545000	0.498344	0.859548
5.550000	0.499601	0.858530
5.555000	0.501037	0.857532
5.560000	0.502700	0.856569
5.565000	0.504572	0.855647
5.570000	0.506570	0.854766
5.575000	0.508516	0.853917
5.580000	0.510120	0.853086
5.585000	0.511059	0.852255
5.590000	0.511187	0.851413
5.595000	0.510688	0.850558
5.600000	0.510015	0.849696
5.605000	0.509634	0.848839
5.610000	0.509759	0.847996
5.615000	0.510275	0.847169
5.620000	0.510870	0.846359
5.625000	0.511233	0.845561
5.630000	0.511193	0.844777
5.635000	0.510750	0.844014
5.640000	0.510032	0.843286
5.645000	0.509228	0.842613
5.650000	0.508498	0.842016
5.655000	0.507904	0.841514
5.660000	0.507397	0.841117
5.665000	0.506892	0.840838
5.670000	0.506365	0.840687
5.675000	0.505944	0.840679
5.680000	0.505908	0.840827
5.685000	0.506587	0.841139
5.690000	0.508183	0.841610
5.695000	0.510619	0.842220
5.700000	0.513495	0.842931
5.705000	0.516183	0.843690
5.710000	0.518006	0.844444
5.715000	0.518441	0.845150
5.720000	0.517313	0.845783
5.725000	0.514867	0.846340
5.730000	0.511649	0.846831
5.735000	0.508266	0.847274
5.740000	0.505197	0.847688
5.745000	0.502771	0.848088
5.750000	0.501181	0.848488
5.755000	0.500461	0.848900
5.760000	0.500455	0.849333
5.765000	0.500830	0.849788
5.770000	0.501175	0.850261
5.775000	0.501145	0.850744
5.780000	0.500558	0.851228
5.785000	0.499421	0.851706
5.790000	0.497922	0.852175
5.795000	0.496355	0.852639
5.800000	0.494997	0.853107
5.805000	0.494006	0.853589
5.810000	0.493398	0.854095
5.815000	0.493098	0.854630
5.820000	0.492995	0.855199
5.825000	0.492953	0.855804
5.830000	0.492799	0.856446
5.835000	0.492366	0.857128
5.840000	0.491587	0.857852
5.845000	0.490559	0.858625
5.850000	0.489490	0.859451
5.855000	0.488590	0.860337
5.860000	0.487942	0.861283
5.865000	0.487441	0.862280
5.870000	0.486870	0.863313
5.875000	0.486102	0.864361
5.880000	0.485253	0.865397
5.885000	0.484628	0.866392
5.890000	0.484472	0.867311
5.895000	0.484747	0.868118
5.900000	0.485145	0.868778
5.905000	0.485307	0.869263
5.910000	0.485038	0.869556
5.915000	0.484351	0.869659
5.920000	0.483373	0.869582
5.925000	0.482268	0.869350
5.930000	0.481218	0.868996
5.935000	0.480432	0.868558
5.940000	0.480103	0.868079
5.945000	0.480344	0.867598
5.950000	0.481133	0.867143
5.955000	0.482349	0.866725
5.960000	0.483858	0.866339
5.965000	0.485549	0.865969
5.970000	0.487293	0.865596
5.975000	0.488912	0.865203
5.980000	0.490212	0.864785
5.985000	0.491063	0.864344
5.990000	0.491420	0.863890
5.995000	0.491297	0.863443
6.000000	0.490765	0.863024
6.005000	0.489980	0.862656
6.010000	0.489203	0.862364
6.015000	0.488772	0.862166
6.020000	0.489026	0.862069
6.025000	0.490180	0.862065
6.030000	0.492206	0.862131
6.035000	0.494832	0.862232
6.040000	0.497684	0.862328
6.045000	0.500434	0.862380
6.050000	0.502859	0.862356
6.055000	0.504831	0.862229
6.060000	0.506278	0.861981
6.065000	0.507131	0.861603
6.070000	0.507283	0.861093
6.075000	0.506668	0.860458
6.080000	0.505401	0.859714
6.085000	0.503833	0.858889
6.090000	0.502443	0.858016
6.095000	0.501595	0.857135
6.100000	0.501363	0.856281
6.105000	0.501566	0.855485
6.110000	0.501955	0.854771
6.115000	0.502372	0.854149
6.120000	0.502789	0.853620
6.125000	0.503273	0.853170
6.130000	0.503944	0.852775
6.135000	0.504954	0.852407
6.140000	0.506438	0.852043
6.145000	0.508461	0.851668
6.150000	0.510989	0.851276
6.155000	0.513868	0.850863
6.160000	0.516805	0.850427
6.165000	0.519325	0.849959
6.170000	0.520796	0.849451
6.175000	0.520587	0.848896
6.180000	0.518352	0.848297
6.185000	0.514244	0.847673
6.190000	0.508903	0.847063
6.195000	0.503273	0.846524
6.200000	0.498355	0.846117
6.205000	0.494993	0.845903
6.210000	0.493689	0.845926
6.215000	0.494470	0.846201
6.220000	0.496930	0.846710
6.225000	0.500414	0.847407
6.230000	0.504227	0.848230
6.235000	0.507758	0.849109
6.240000	0.510564	0.849984
6.245000	0.512387	0.850810
6.250000	0.513110	0.851562
6.255000	0.512711	0.852232
6.260000	0.511307	0.852832
6.265000	0.509215	0.853383
6.270000	0.506910	0.853914
6.275000	0.504834	0.854453
6.280000	0.503230	0.855025
6.285000	0.502139	0.855643
6.290000	0.501470	0.856311
6.295000	0.501079	0.857021
6.300000	0.500770	0.857752
6.305000	0.500273	0.858478
6.310000	0.499295	0.859168
6.315000	0.497673	0.859801
6.320000	0.495500	0.860365
6.325000	0.493058	0.860860
6.330000	0.490597	0.861290
6.335000	0.488187	0.861666
6.340000	0.485760	0.861998
6.345000	0.483264	0.862300
6.350000	0.480766	0.862590
6.355000	0.478471	0.862886
6.360000	0.476676	0.863210
6.365000	0.475677	0.863576
6.370000	0.475658	0.863994
6.375000	0.476634	0.864462
6.380000	0.478412	0.864961
6.385000	0.480598	0.865458
6.390000	0.482718	0.865908
6.395000	0.484378	0.866266
6.400000	0.485370	0.866492
6.405000	0.485644	0.866562
6.410000	0.485257	0.866471
6.415000	0.484365	0.866228
6.420000	0.483227	0.865858
6.425000	0.482147	0.865398
6.430000	0.481372	0.864881
6.435000	0.481006	0.864344
6.440000	0.481018	0.863812
6.445000	0.481281	0.863308
6.450000	0.481642	0.862847
6.455000	0.482019	0.862446
6.460000	0.482453	0.862121
6.465000	0.483069	0.861890
6.470000	0.483959	0.861763
6.475000	0.485106	0.861743
6.480000	0.486386	0.861823
6.485000	0.487624	0.861986
6.490000	0.488653	0.862210
6.495000	0.489392	0.862472
6.500000	0.489908	0.862753
6.505000	0.490425	0.863032
6.510000	0.491239	0.863293
6.515000	0.492593	0.863515
6.520000	0.494579	0.863676
6.525000	0.497128	0.863747
6.530000	0.500032	0.863701
6.535000	0.502972	0.863515
6.540000	0.505596	0.863177
6.545000	0.507633	0.862693
6.550000	0.509016	0.862087
6.555000	0.509893	0.861394
6.560000	0.510510	0.860660
6.565000	0.511082	0.859926
6.570000	0.511712	0.859227
6.575000	0.512377	0.858585
6.580000	0.512970	0.858007
6.585000	0.513365	0.857487
6.590000	0.513495	0.857010
6.595000	0.513392	0.856556
6.600000	0.513137	0.856104
6.605000	0.512780	0.855635
6.610000	0.512339	0.855134
6.615000	0.511881	0.854597
6.620000	0.511513	0.854027
6.625000	0.511256	0.853434
6.630000	0.510968	0.852833
6.635000	0.510456	0.852242
6.640000	0.509627	0.851685
6.645000	0.508513	0.851185
6.650000	0.507239	0.850762
6.655000	0.506000	0.850432
6.660000	0.505037	0.850201
6.665000	0.504572	0.850072
6.670000	0.504722	0.850036
6.675000	0.505436	0.850084
6.680000	0.506502	0.850201
6.685000	0.507606	0.850378
6.690000	0.508423	0.850607
6.695000	0.508734	0.850886
6.700000	0.508510	0.851215
6.705000	0.507912	0.851596
6.710000	0.507176	0.852029
6.715000	0.506498	0.852516
6.720000	0.505967	0.853053
6.725000	0.505566	0.853632
6.730000	0.505216	0.854248
6.735000	0.504878	0.854892
6.740000	0.504657	0.855563
6.745000	0.504767	0.856262
6.750000	0.505350	0.856988
6.755000	0.506307	0.857735
6.760000	0.507292	0.858485
6.765000	0.507838	0.859215
6.770000	0.507522	0.859897
6.775000	0.506129	0.860506
6.780000	0.503734	0.861022
6.785000	0.500648	0.861434
6.790000	0.497259	0.861739
6.795000	0.493864	0.861937
6.800000	0.490583	0.862031
6.805000	0.487404	0.862028
6.810000	0.484317	0.861940
6.815000	0.481407	0.861783
6.820000	0.478862	0.861581
6.825000	0.476884	0.861365
6.830000	0.475622	0.861166
6.835000	0.475123	0.861016
6.840000	0.475299	0.860944
6.845000	0.475941	0.860968
6.850000	0.476792	0.861099
6.855000	0.477625	0.861336
6.860000	0.478277	0.861668
6.865000	0.478697	0.862077
6.870000	0.478980	0.862542
6.875000	0.479315	0.863038
6.880000	0.479856	0.863539
6.885000	0.480607	0.864019
6.890000	0.481389	0.864452
6.895000	0.481925	0.864814
6.900000	0.481985	0.865094
6.905000	0.481529	0.865290
6.910000	0.480735	0.865412
6.915000	0.479909	0.865481
6.920000	0.479341	0.865521
6.925000	0.479217	0.865553
6.930000	0.479626	0.865594
6.935000	0.480597	0.865654
6.940000	0.482111	0.865736
6.945000	0.484101	0.865835
6.950000	0.486439	0.865941
6.955000	0.488925	0.866038
6.960000	0.491276	0.866109
6.965000	0.493161	0.866136
6.970000	0.494305	0.866104
6.975000	0.494643	0.866002
6.980000	0.494383	0.865830
6.985000	0.493918	0.865591
6.990000	0.493691	0.865298
6.995000	0.494072	0.864974
7.000000	0.495266	0.864644
7.005000	0.497227	0.864330
7.010000	0.499691	0.864050
7.015000	0.502306	0.863804
7.020000	0.504798	0.863586
7.025000	0.507058	0.863379
7.030000	0.509119	0.863169
7.035000	0.511047	0.862942
7.040000	0.512857	0.862691
7.045000	0.514484	0.862414
7.050000	0.515800	0.862117
7.055000	0.516642	0.861814
7.060000	0.516893	0.861522
7.065000	0.516554	0.861263
7.070000	0.515773	0.861055
7.075000	0.514810	0.860912
7.080000	0.513944	0.860844
7.085000	0.513375	0.860856
7.090000	0.513183	0.860939
7.095000	0.513305	0.861076
7.100000	0.513533	0.861237
7.105000	0.513591	0.861381
7.110000	0.513269	0.861467
7.115000	0.512554	0.861458
7.120000	0.511622	0.861330
7.125000	0.510688	0.861078
7.130000	0.509864	0.860717
7.135000	0.509126	0.860272
7.140000	0.508367	0.859777
7.145000	0.507489	0.859265
7.150000	0.506476	0.858765
7.155000	0.505418	0.858298
7.160000	0.504482	0.857884
7.165000	0.503851	0.857537
7.170000	0.503680	0.857266
7.175000	0.504030	0.857075
7.180000	0.504803	0.856961
7.185000	0.505741	0.856922
7.190000	0.506519	0.856955
7.195000	0.506874	0.857063
7.200000	0.506696	0.857253
7.205000	0.506039	0.857537
7.210000	0.505018	0.857924
7.215000	0.503674	0.858417
7.220000	0.501959	0.859012
7.225000	0.499847	0.859704
7.230000	0.497444	0.860487
7.235000	0.494976	0.861356
7.240000	0.492682	0.862307
7.245000	0.490710	0.863330
7.250000	0.489058	0.864409
7.255000	0.487601	0.865521
7.260000	0.486190	0.866638
7.265000	0.484745	0.867732
7.270000	0.483275	0.868776
7.275000	0.481834	0.869746
7.280000	0.480491	0.870628
7.285000	0.479329	0.871412
7.290000	0.478420	0.872104
7.295000	0.477791	0.872717
7.300000	0.477444	0.873271
7.305000	0.477430	0.873788
7.310000	0.477869	0.874287
7.315000	0.478913	0.874784
7.320000	0.480657	0.875284
7.325000	0.483081	0.875783
7.330000	0.486013	0.876271
7.335000	0.489116	0.876728
7.340000	0.491961	0.877136
7.345000	0.494179	0.877478
7.350000	0.495608	0.877752
7.355000	0.496298	0.877967
7.360000	0.496419	0.878144
7.365000	0.496151	0.878306
7.370000	0.495630	0.878478
7.375000	0.494933	0.878676
7.380000	0.494089	0.878908
7.385000	0.493125	0.879170
7.390000	0.492105	0.879447
7.395000	0.491113	0.879708
7.400000	0.490184	0.879919
7.405000	0.489280	0.880037
7.410000	0.488377	0.880025
7.415000	0.487563	0.879859
7.420000	0.487037	0.879528
7.425000	0.486975	0.879042
7.430000	0.487419	0.878424
7.435000	0.488274	0.877715
7.440000	0.489369	0.876960
7.445000	0.490497	0.876206
7.450000	0.491491	0.875497
7.455000	0.492323	0.874869
7.460000	0.493107	0.874346
7.465000	0.493975	0.873938
7.470000	0.495039	0.873639
7.475000	0.496492	0.873430
7.480000	0.498608	0.873289
7.485000	0.501534	0.873185
7.490000	0.505023	0.873081
7.495000	0.508401	0.872931
7.500000	0.510859	0.872693
7.505000	0.511862	0.872338
7.510000	0.511396	0.871862
7.515000	0.509942	0.871285
7.520000	0.508209	0.870647
7.525000	0.506795	0.869996
7.530000	0.505987	0.869376
7.535000	0.505772	0.868817
7.540000	0.505949	0.868334
7.545000	0.506201	0.867927
7.550000	0.506190	0.867586
7.555000	0.505722	0.867299
7.560000	0.504842	0.867057
7.565000	0.503784	0.866850
7.570000	0.502773	0.866675
7.575000	0.501914	0.866525
7.580000	0.501237	0.866395
7.585000	0.500847	0.866283
7.590000	0.500938	0.866188
7.595000	0.501637	0.866106
7.600000	0.502816	0.866031
7.605000	0.504085	0.865950
7.610000	0.505002	0.865854
7.615000	0.505322	0.865733
7.620000	0.505093	0.865586
7.625000	0.504563	0.865415
7.630000	0.503999	0.865223
7.635000	0.503562	0.865015
7.640000	0.503271	0.864795
7.645000	0.503039	0.864568
7.650000	0.502765	0.864346
7.655000	0.502402	0.864140
7.660000	0.501968	0.863964
7.665000	0.501498	0.863830
7.670000	0.500987	0.863740
7.675000	0.500391	0.863692
7.680000	0.499678	0.863676
7.685000	0.498877	0.863685
7.690000	0.498080	0.863713
7.695000	0.497410	0.863758
7.700000	0.497013	0.863817
7.705000	0.497045	0.863890
7.710000	0.497594	0.863975
7.715000	0.498563	0.864065
7.720000	0.499607	0.864146
7.725000	0.500215	0.864200
7.730000	0.499918	0.864212
7.735000	0.498526	0.864177
7.740000	0.496203	0.864106
7.745000	0.493360	0.864026
7.750000	0.490483	0.863971
7.755000	0.487997	0.863975
7.760000	0.486200	0.864062
7.765000	0.485214	0.864239
7.770000	0.485005	0.864494
7.775000	0.485439	0.864799
7.780000	0.486345	0.865120
7.785000	0.487512	0.865418
7.790000	0.488686	0.865665
7.795000	0.489590	0.865844
7.800000	0.489997	0.865957
7.805000	0.489815	0.866023
7.810000	0.489147	0.866072
7.815000	0.488268	0.866137
7.820000	0.487530	0.866247
7.825000	0.487240	0.866426
7.830000	0.487567	0.866687
7.835000	0.488500	0.867036
7.840000	0.489861	0.867472
7.845000	0.491360	0.867986
7.850000	0.492658	0.868567
7.855000	0.493445	0.869204
7.860000	0.493544	0.869891
7.865000	0.493021	0.870629
7.870000	0.492201	0.871423
7.875000	0.491541	0.872276
7.880000	0.491447	0.873186
7.885000	0.492175	0.874138
7.890000	0.493800	0.875109
7.895000	0.496226	0.876062
7.900000	0.499203	0.876947
7.905000	0.502348	0.877708
7.910000	0.505219	0.878290
7.915000	0.507409	0.878645
7.920000	0.508631	0.878748
7.925000	0.508779	0.878597
7.930000	0.507933	0.878216
7.935000	0.506322	0.877651
7.940000	0.504263	0.876961
7.945000	0.502080	0.876208
7.950000	0.500045	0.875448
7.955000	0.498361	0.874726
7.960000	0.497163	0.874068
7.965000	0.496504	0.873484
7.970000	0.496308	0.872966
7.975000	0.496353	0.872494
7.980000	0.496381	0.872040
7.985000	0.496271	0.871579
7.990000	0.496112	0.871095
7.995000	0.496127	0.870586
8.000000	0.496542	0.870054
8.005000	0.497502	0.869504
8.010000	0.499020	0.868943
8.015000	0.500961	0.868375
8.020000	0.503088	0.867806
8.025000	0.505146	0.867237
8.030000	0.506896	0.866668
8.035000	0.508080	0.866089
8.040000	0.508420	0.865489
8.045000	0.507725	0.864853
8.050000	0.506018	0.864169
8.055000	0.503566	0.863435
8.060000	0.500743	0.862657
8.065000	0.497881	0.861847
8.070000	0.495276	0.861022
8.075000	0.493228	0.860202
8.080000	0.491977	0.859405
8.085000	0.491559	0.858644
8.090000	0.491750	0.857925
8.095000	0.492183	0.857247
8.100000	0.492558	0.856606
8.105000	0.492738	0.855998
8.110000	0.492683	0.855423
8.115000	0.492378	0.854882
8.120000	0.491853	0.854386
8.125000	0.491187	0.853942
8.130000	0.490451	0.853561
8.135000	0.489693	0.853251
8.140000	0.488981	0.853018
8.145000	0.488425	0.852864
8.150000	0.488171	0.852792
8.155000	0.488391	0.852799
8.160000	0.489236	0.852883
8.165000	0.490783	0.853040
8.170000	0.492979	0.853270
8.175000	0.495628	0.853576
8.180000	0.498418	0.853965
8.185000	0.500949	0.854445
8.190000	0.502791	0.855020
8.195000	0.503616	0.855690
8.200000	0.503317	0.856449
8.205000	0.502005	0.857282
8.210000	0.499972	0.858173
8.215000	0.497657	0.859093
8.220000	0.495573	0.860007
8.225000	0.494146	0.860871
8.230000	0.493576	0.861637
8.235000	0.493822	0.862263
8.240000	0.494730	0.862719
8.245000	0.496137	0.862994
8.250000	0.497872	0.863099
8.255000	0.499743	0.863065
8.260000	0.501568	0.862931
8.265000	0.503228	0.862742
8.270000	0.504656	0.862539
8.275000	0.505787	0.862354
8.280000	0.506509	0.862211
8.285000	0.506731	0.862125
8.290000	0.506476	0.862104
8.295000	0.505830	0.862151
8.300000	0.504830	0.862258
8.305000	0.503430	0.862414
8.310000	0.501585	0.862602
8.315000	0.499367	0.862810
8.320000	0.497051	0.863026
8.325000	0.495086	0.863251
8.330000	0.493903	0.863488
8.335000	0.493706	0.863743
8.340000	0.494395	0.864020
8.345000	0.495682	0.864320
8.350000	0.497297	0.864646
8.355000	0.499127	0.865000
8.360000	0.501162	0.865383
8.365000	0.503306	0.865788
8.370000	0.505253	0.866195
8.375000	0.506556	0.866574
8.380000	0.506841	0.866892
8.385000	0.505954	0.867122
8.390000	0.503969	0.867255
8.395000	0.501156	0.867301
8.400000	0.497977	0.867287
8.405000	0.494998	0.867251
8.410000	0.492660	0.867229
8.415000	0.491120	0.867253
8.420000	0.490341	0.867344
8.425000	0.490266	0.867510
8.430000	0.490939	0.867745
8.435000	0.492490	0.868032
8.440000	0.494969	0.868343
8.445000	0.498148	0.868640
8.450000	0.501488	0.868885
8.455000	0.504324	0.869040
8.460000	0.506104	0.869078
8.465000	0.506515	0.868984
8.470000	0.505523	0.868758
8.475000	0.503344	0.868414
8.480000	0.500368	0.867978
8.485000	0.497033	0.867483
8.490000	0.493733	0.866964
8.495000	0.490768	0.866456
8.500000	0.488333	0.865989
8.505000	0.486548	0.865584
8.510000	0.485486	0.865258
8.515000	0.485184	0.865019
8.520000	0.485616	0.864872
8.525000	0.486671	0.864816
8.530000	0.488171	0.864842
8.535000	0.489891	0.864936
8.540000	0.491569	0.865073
8.545000	0.492949	0.865229
8.550000	0.493854	0.865379
8.555000	0.494234	0.865499
8.560000	0.494182	0.865571
8.565000	0.493889	0.865576
8.570000	0.493590	0.865498
8.575000	0.493489	0.865324
8.580000	0.493704	0.865047
8.585000	0.494237	0.864665
8.590000	0.494978	0.864183
8.595000	0.495738	0.863611
8.600000	0.496308	0.862963
8.605000	0.496536	0.862259
8.610000	0.496369	0.861524
8.615000	0.495820	0.860783
8.620000	0.494899	0.860064
8.625000	0.493604	0.859389
8.630000	0.491996	0.858776
8.635000	0.490258	0.858237
8.640000	0.488685	0.857775
8.645000	0.487605	0.857384
8.650000	0.487258	0.857049
8.655000	0.487718	0.856754
8.660000	0.488868	0.856490
8.665000	0.490489	0.856258
8.670000	0.492368	0.856072
8.675000	0.494346	0.855956
8.680000	0.496275	0.855930
8.685000	0.497949	0.856007
8.690000	0.499148	0.856182
8.695000	0.499754	0.856437
8.700000	0.499844	0.856750
8.705000	0.499664	0.857092
8.710000	0.499491	0.857444
8.715000	0.499554	0.857791
8.720000	0.500025	0.858125
8.725000	0.501012	0.858440
8.730000	0.502485	0.858726
8.735000	0.504229	0.858969
8.740000	0.505883	0.859150
8.745000	0.507054	0.859248
8.750000	0.507468	0.859253
8.755000	0.507067	0.859162
8.760000	0.506011	0.858988
8.765000	0.504588	0.858753
8.770000	0.503093	0.858488
8.775000	0.501760	0.858224
8.780000	0.500742	0.857988
8.785000	0.500133	0.857798
8.790000	0.500003	0.857662
8.795000	0.500408	0.857577
8.800000	0.501338	0.857537
8.805000	0.502668	0.857533
8.810000	0.504164	0.857561
8.815000	0.505526	0.857618
8.820000	0.506485	0.857705
8.825000	0.506913	0.857818
8.830000	0.506856	0.857955
8.835000	0.506430	0.858108
8.840000	0.505718	0.858271
8.845000	0.504733	0.858440
8.850000	0.503474	0.858617
8.855000	0.502014	0.858813
8.860000	0.500532	0.859045
8.865000	0.499262	0.859332
8.870000	0.498384	0.859688
8.875000	0.497948	0.860122
8.880000	0.497889	0.860634
8.885000	0.498120	0.861218
8.890000	0.498577	0.861862
8.895000	0.499224	0.862548
8.900000	0.500036	0.863251
8.905000	0.500962	0.863940
8.910000	0.501858	0.864585
8.915000	0.502500	0.865159
8.920000	0.502703	0.865645
8.925000	0.502447	0.866042
8.930000	0.501883	0.866359
8.935000	0.501207	0.866612
8.940000	0.500512	0.866815
8.945000	0.499724	0.866976
8.950000	0.498656	0.867092
8.955000	0.497129	0.867158
8.960000	0.495077	0.867171
8.965000	0.492600	0.867135
8.970000	0.489950	0.867063
8.975000	0.487447	0.866977
8.980000	0.485385	0.866897
8.985000	0.483988	0.866847
8.990000	0.483425	0.866842
8.995000	0.483788	0.866897
9.000000	0.485056	0.867019
9.005000	0.487086	0.867207
9.010000	0.489614	0.867449
9.015000	0.492265	0.867718
9.020000	0.494565	0.867978
9.025000	0.496057	0.868181
9.030000	0.496448	0.868286
9.035000	0.495683	0.868262
9.040000	0.493913	0.868102
9.045000	0.491412	0.867822
9.050000	0.488531	0.867462
9.055000	0.485691	0.867078
9.060000	0.483341	0.866732
9.065000	0.481868	0.866484
9.070000	0.481552	0.866374
9.075000	0.482567	0.866420
9.080000	0.484904	0.866613
9.085000	0.488256	0.866918
9.090000	0.491977	0.867281
9.095000	0.495276	0.867641
9.100000	0.497507	0.867943
9.105000	0.498367	0.868143
9.110000	0.497893	0.868219
9.115000	0.496339	0.868166
9.120000	0.494086	0.867998
9.125000	0.491639	0.867739
9.130000	0.489599	0.867421
9.135000	0.488510	0.867080
9.140000	0.488644	0.866753
9.145000	0.489929	0.866468
9.150000	0.492088	0.866247
9.155000	0.494835	0.866100
9.160000	0.497946	0.866022
9.165000	0.501189	0.866004
9.170000	0.504277	0.866031
9.175000	0.506939	0.866088
9.180000	0.509029	0.866165
9.185000	0.510528	0.866256
9.190000	0.511473	0.866350
9.195000	0.511915	0.866436
9.200000	0.511928	0.866492
9.205000	0.511633	0.866497
9.210000	0.511137	0.866426
9.215000	0.510458	0.866258
9.220000	0.509478	0.865977
9.225000	0.507972	0.865577
9.230000	0.505691	0.865059
9.235000	0.502482	0.864442
9.240000	0.498409	0.863751
9.245000	0.493836	0.863028
9.250000	0.489387	0.862319
9.255000	0.485796	0.861673
9.260000	0.483731	0.861131
9.265000	0.483659	0.860728
9.270000	0.485733	0.860480
9.275000	0.489698	0.860385
9.280000	0.494910	0.860425
9.285000	0.500500	0.860563
9.290000	0.505577	0.860754
9.295000	0.509424	0.860952
9.300000	0.511635	0.861120
9.305000	0.512182	0.861232
9.310000	0.511375	0.861284
9.315000	0.509697	0.861289
9.320000	0.507636	0.861273
9.325000	0.505591	0.861266
9.330000	0.503826	0.861295
9.335000	0.502424	0.861375
9.340000	0.501291	0.861508
9.345000	0.500256	0.861688
9.350000	0.499231	0.861901
9.355000	0.498328	0.862141
9.360000	0.497825	0.862405
9.365000	0.497967	0.862697
9.370000	0.498772	0.863021
9.375000	0.500025	0.863386
9.380000	0.501419	0.863796
9.385000	0.502635	0.864254
9.390000	0.503384	0.864756
9.395000	0.503499	0.865291
9.400000	0.503004	0.865843
9.405000	0.502038	0.866392
9.410000	0.500736	0.866918
9.415000	0.499186	0.867406
9.420000	0.497493	0.867846
9.425000	0.495803	0.868238
9.430000	0.494241	0.868586
9.435000	0.492874	0.868894
9.440000	0.491725	0.869165
9.445000	0.490823	0.869393
9.450000	0.490216	0.869569
9.455000	0.489915	0.869681
9.460000	0.489817	0.869717
9.465000	0.489670	0.869671
9.470000	0.489155	0.869551
9.475000	0.488102	0.869379
9.480000	0.486686	0.869196
9.485000	0.485375	0.869053
9.490000	0.484646	0.869004
9.495000	0.484743	0.869093
9.500000	0.485663	0.869346
9.505000	0.487287	0.869769
9.510000	0.489476	0.870347
9.515000	0.492079	0.871047
9.520000	0.494867	0.871824
9.525000	0.497507	0.872622
9.530000	0.499635	0.873384
9.535000	0.500962	0.874056
9.540000	0.501327	0.874593
9.545000	0.500664	0.874961
9.550000	0.498965	0.875140
9.555000	0.496319	0.875130
9.560000	0.493010	0.874950
9.565000	0.489553	0.874640
9.570000	0.486562	0.874252
9.575000	0.484505	0.873847
9.580000	0.483513	0.873477
9.585000	0.483400	0.873184
9.590000	0.483864	0.873000
9.595000	0.484671	0.872944
9.600000	0.485719	0.873027
9.605000	0.487007	0.873252
9.610000	0.488592	0.873612
9.615000	0.490570	0.874090
9.620000	0.493042	0.874658
9.625000	0.496045	0.875278
9.630000	0.499451	0.875906
9.635000	0.502897	0.876490
9.640000	0.505824	0.876983
9.645000	0.507690	0.877342
9.650000	0.508245	0.877544
9.655000	0.507677	0.877582
9.660000	0.506510	0.877470
9.665000	0.505323	0.877234
9.670000	0.504499	0.876908
9.675000	0.504154	0.876523
9.680000	0.504193	0.876105
9.685000	0.504403	0.875669
9.690000	0.504533	0.875225
9.695000	0.504358	0.874778
9.700000	0.503754	0.874329
9.705000	0.502754	0.873883
9.710000	0.501517	0.873447
9.715000	0.500232	0.873033
9.720000	0.499048	0.872655
9.725000	0.498067	0.872334
9.730000	0.497375	0.872092
9.735000	0.497063	0.871948
9.740000	0.497200	0.871918
9.745000	0.497762	0.872008
9.750000	0.498596	0.872214
9.755000	0.499477	0.872528
9.760000	0.500173	0.872935
9.765000	0.500529	0.873422
9.770000	0.500527	0.873972
9.775000	0.500336	0.874564
9.780000	0.500273	0.875175
9.785000	0.500639	0.875777
9.790000	0.501519	0.876345
9.795000	0.502781	0.876856
9.800000	0.504276	0.877296
9.805000	0.505965	0.877658
9.810000	0.507850	0.877944
9.815000	0.509821	0.878156
9.820000	0.511596	0.878297
9.825000	0.512791	0.878368
9.830000	0.513078	0.878370
9.835000	0.512301	0.878306
9.840000	0.510502	0.878177
9.845000	0.507849	0.877985
9.850000	0.504540	0.877728
9.855000	0.500744	0.877400
9.860000	0.496639	0.877000
9.865000	0.492503	0.876529
9.870000	0.488758	0.875999
9.875000	0.485871	0.875433
9.880000	0.484168	0.874858
9.885000	0.483709	0.874299
9.890000	0.484293	0.873781
9.895000	0.485573	0.873322
9.900000	0.487190	0.872934
9.905000	0.488844	0.872629
9.910000	0.490293	0.872414
9.915000	0.491323	0.872290
9.920000	0.491746	0.872257
9.925000	0.491462	0.872312
9.930000	0.490532	0.872453
9.935000	0.489200	0.872673
9.940000	0.487832	0.872967
9.945000	0.486834	0.873320
9.950000	0.486565	0.873709
9.955000	0.487252	0.874103
9.960000	0.488926	0.874467
9.965000	0.491401	0.874765
9.970000	0.494305	0.874967
9.975000	0.497127	0.875052
9.980000	0.499305	0.875010
9.985000	0.500375	0.874843
9.990000	0.500151	0.874565
9.995000	0.498836	0.874199
