0.000000	0.496459	0.998997
0.005000	0.495079	0.996000
0.010000	0.492716	0.991035
0.015000	0.489271	0.984153
0.020000	0.484611	0.975423
0.025000	0.478567	0.964932
0.030000	0.470933	0.952792
0.035000	0.461482	0.939135
0.040000	0.449996	0.924114
0.045000	0.436322	0.907906
0.050000	0.420449	0.890707
0.055000	0.402592	0.872731
0.060000	0.383267	0.854205
0.065000	0.363284	0.835358
0.070000	0.343680	0.816414
0.075000	0.325593	0.797577
0.080000	0.310116	0.779020
0.085000	0.298171	0.760878
0.090000	0.290415	0.743243
0.095000	0.287199	0.726164
0.100000	0.288587	0.709652
0.105000	0.294401	0.693680
0.110000	0.304292	0.678195
0.115000	0.317812	0.663122
0.120000	0.334483	0.648370
0.125000	0.353843	0.633843
0.130000	0.375480	0.619441
0.135000	0.399039	0.605065
0.140000	0.424200	0.590623
0.145000	0.450639	0.576033
0.150000	0.477996	0.561222
0.155000	0.505878	0.546132
0.160000	0.533871	0.530719
0.165000	0.561528	0.514960
0.170000	0.588359	0.498846
0.175000	0.613878	0.482396
0.180000	0.637704	0.465649
0.185000	0.659641	0.448670
0.190000	0.679690	0.431546
0.195000	0.697955	0.414380
0.200000	0.714494	0.397283
0.205000	0.729190	0.380366
0.210000	0.741729	0.363736
0.215000	0.751761	0.347490
0.220000	0.759115	0.331718
0.225000	0.763918	0.316496
0.230000	0.766456	0.301883
0.235000	0.766882	0.287918
0.240000	0.765007	0.274621
0.245000	0.760394	0.261997
0.250000	0.752692	0.250043
0.255000	0.741922	0.238753
0.260000	0.728529	0.228118
0.265000	0.713185	0.218127
0.270000	0.696512	0.208766
0.275000	0.678925	0.200013
0.280000	0.660704	0.191844
0.285000	0.642053	0.184228
0.290000	0.623029	0.177138
0.295000	0.603566	0.170549
0.300000	0.583678	0.164436
0.305000	0.563597	0.158779
0.310000	0.543697	0.153557
0.315000	0.524345	0.148749
0.320000	0.505797	0.144331
0.325000	0.488209	0.140279
0.330000	0.471711	0.136566
0.335000	0.456455	0.133168
0.340000	0.442596	0.130060
0.345000	0.430252	0.127216
0.350000	0.419453	0.124611
0.355000	0.410108	0.122220
0.360000	0.402016	0.120018
0.365000	0.394928	0.117980
0.370000	0.388616	0.116087
0.375000	0.382919	0.114317
0.380000	0.377753	0.112655
0.385000	0.373104	0.111087
0.390000	0.369003	0.109600
0.395000	0.365503	0.108184
0.400000	0.362657	0.106832
0.405000	0.360520	0.105535
0.410000	0.359156	0.104286
0.415000	0.358637	0.103081
0.420000	0.359030	0.101915
0.425000	0.360364	0.100785
0.430000	0.362616	0.099688
0.435000	0.365705	0.098621
0.440000	0.369516	0.097581
0.445000	0.373940	0.096563
0.450000	0.378897	0.095562
0.455000	0.384348	0.094571
0.460000	0.390275	0.093583
0.465000	0.396636	0.092592
0.470000	0.403360	0.091592
0.475000	0.410364	0.090579
0.480000	0.417579	0.089552
0.485000	0.424967	0.088510
0.490000	0.432528	0.087452
0.495000	0.440294	0.086382
0.500000	0.448323	0.085301
0.505000	0.456693	0.084210
0.510000	0.465480	0.083111
0.515000	0.474745	0.082002
0.520000	0.484505	0.080883
0.525000	0.494715	0.079752
0.530000	0.505257	0.078605
0.535000	0.515941	0.077442
0.540000	0.526538	0.076264
0.545000	0.536820	0.075071
0.550000	0.546598	0.073869
0.555000	0.555740	0.072663
0.560000	0.564174	0.071457
0.565000	0.571891	0.070256
0.570000	0.578932	0.069064
0.575000	0.585350	0.067884
0.580000	0.591166	0.066717
0.585000	0.596346	0.065562
0.590000	0.600812	0.064420
0.595000	0.604462	0.063290
0.600000	0.607191	0.062169
0.605000	0.608898	0.061056
0.610000	0.609500	0.059952
0.615000	0.608974	0.058854
0.620000	0.607408	0.057763
0.625000	0.605008	0.056676
0.630000	0.602027	0.055590
0.635000	0.598647	0.054504
0.640000	0.594871	0.053416
0.645000	0.590529	0.052330
0.650000	0.585427	0.051249
0.655000	0.579485	0.050179
0.660000	0.572749	0.049126
0.665000	0.565368	0.048094
0.670000	0.557560	0.047087
0.675000	0.549553	0.046107
0.680000	0.541490	0.045156
0.685000	0.533389	0.044233
0.690000	0.525163	0.043339
0.695000	0.516720	0.042471
0.700000	0.508049	0.041628
0.705000	0.499260	0.040810
0.710000	0.490571	0.040015
0.715000	0.482238	0.039245
0.720000	0.474491	0.038499
0.725000	0.467495	0.037778
0.730000	0.461343	0.037079
0.735000	0.456071	0.036400
0.740000	0.451651	0.035737
0.745000	0.447970	0.035088
0.750000	0.444828	0.034447
0.755000	0.441996	0.033812
0.760000	0.439310	0.033179
0.765000	0.436757	0.032546
0.770000	0.434445	0.031911
0.775000	0.432495	0.031272
0.780000	0.430998	0.030630
0.785000	0.430037	0.029983
0.790000	0.429692	0.029332
0.795000	0.430000	0.028680
0.800000	0.430937	0.028026
0.805000	0.432427	0.027373
0.810000	0.434373	0.026722
0.815000	0.436683	0.026072
0.820000	0.439271	0.025426
0.825000	0.442043	0.024784
0.830000	0.444896	0.024145
0.835000	0.447730	0.023509
0.840000	0.450459	0.022877
0.845000	0.453046	0.022248
0.850000	0.455519	0.021622
0.855000	0.457975	0.020998
0.860000	0.460566	0.020377
0.865000	0.463486	0.019761
0.870000	0.466958	0.019149
0.875000	0.471198	0.018545
0.880000	0.476356	0.017950
0.885000	0.482438	0.017366
0.890000	0.489266	0.016793
0.895000	0.496487	0.016235
0.900000	0.503661	0.015693
0.905000	0.510372	0.015170
0.910000	0.516334	0.014667
0.915000	0.521422	0.014186
0.920000	0.525635	0.013725
0.925000	0.529025	0.013285
0.930000	0.531655	0.012864
0.935000	0.533608	0.012461
0.940000	0.535016	0.012074
0.945000	0.536070	0.011704
0.950000	0.536991	0.011350
0.955000	0.537973	0.011013
0.960000	0.539128	0.010694
0.965000	0.540492	0.010395
0.970000	0.542018	0.010116
0.975000	0.543568	0.009857
0.980000	0.544927	0.009616
0.985000	0.545855	0.009394
0.990000	0.546182	0.009188
0.995000	0.545865	0.008998
1.000000	0.544989	0.008822
1.005000	0.543708	0.008662
1.010000	0.542181	0.008515
1.015000	0.540539	0.008383
1.020000	0.538871	0.008263
1.025000	0.537225	0.008155
1.030000	0.535583	0.008056
1.035000	0.533824	0.007966
1.040000	0.531740	0.007882
1.045000	0.529141	0.007803
1.050000	0.525962	0.007725
1.055000	0.522290	0.007648
1.060000	0.518291	0.007571
1.065000	0.514120	0.007492
1.070000	0.509872	0.007411
1.075000	0.505593	0.007329
1.080000	0.501314	0.007246
1.085000	0.497053	0.007163
1.090000	0.492820	0.007080
1.095000	0.488647	0.007000
1.100000	0.484618	0.006921
1.105000	0.480870	0.006844
1.110000	0.477543	0.006768
1.115000	0.474757	0.006692
1.120000	0.472601	0.006615
1.125000	0.471142	0.006535
1.130000	0.470412	0.006453
1.135000	0.470392	0.006367
1.140000	0.470980	0.006278
1.145000	0.471982	0.006186
1.150000	0.473134	0.006090
1.155000	0.474183	0.005992
1.160000	0.474942	0.005891
1.165000	0.475331	0.005788
1.170000	0.475366	0.005683
1.175000	0.475135	0.005577
1.180000	0.474762	0.005471
1.185000	0.474387	0.005366
1.190000	0.474138	0.005263
1.195000	0.474108	0.005163
1.200000	0.474345	0.005065
1.205000	0.474866	0.004971
1.210000	0.475672	0.004879
1.215000	0.476740	0.004791
1.220000	0.478027	0.004704
1.225000	0.479455	0.004620
1.230000	0.480914	0.004537
1.235000	0.482275	0.004458
1.240000	0.483441	0.004382
1.245000	0.484390	0.004309
1.250000	0.485195	0.004242
1.255000	0.485978	0.004181
1.260000	0.486863	0.004125
1.265000	0.487958	0.004074
1.270000	0.489371	0.004028
1.275000	0.491196	0.003985
1.280000	0.493479	0.003945
1.285000	0.496164	0.003908
1.290000	0.499101	0.003874
1.295000	0.502113	0.003841
1.300000	0.505057	0.003811
1.305000	0.507823	0.003782
1.310000	0.510287	0.003755
1.315000	0.512317	0.003729
1.320000	0.513825	0.003704
1.325000	0.514825	0.003678
1.330000	0.515434	0.003652
1.335000	0.515832	0.003625
1.340000	0.516220	0.003597
1.345000	0.516782	0.003566
1.350000	0.517645	0.003532
1.355000	0.518837	0.003496
1.360000	0.520266	0.003456
1.365000	0.521716	0.003412
1.370000	0.522893	0.003365
1.375000	0.523513	0.003314
1.380000	0.523401	0.003260
1.385000	0.522563	0.003202
1.390000	0.521195	0.003141
1.395000	0.519612	0.003076
1.400000	0.518129	0.003008
1.405000	0.516950	0.002938
1.410000	0.516110	0.002864
1.415000	0.515510	0.002790
1.420000	0.514982	0.002714
1.425000	0.514354	0.002637
1.430000	0.513473	0.002561
1.435000	0.512220	0.002486
1.440000	0.510520	0.002414
1.445000	0.508345	0.002345
1.450000	0.505746	0.002282
1.455000	0.502865	0.002224
1.460000	0.499927	0.002174
1.465000	0.497152	0.002133
1.470000	0.494678	0.002100
1.475000	0.492549	0.002076
1.480000	0.490735	0.002060
1.485000	0.489156	0.002051
1.490000	0.487718	0.002049
1.495000	0.486354	0.002052
1.500000	0.485066	0.002059
1.505000	0.483916	0.002068
1.510000	0.482996	0.002078
1.515000	0.482383	0.002089
1.520000	0.482107	0.002100
1.525000	0.482134	0.002109
1.530000	0.482392	0.002116
1.535000	0.482806	0.002121
1.540000	0.483331	0.002124
1.545000	0.483969	0.002124
1.550000	0.484749	0.002121
1.555000	0.485688	0.002114
1.560000	0.486753	0.002105
1.565000	0.487857	0.002093
1.570000	0.488877	0.002077
1.575000	0.489700	0.002058
1.580000	0.490260	0.002035
1.585000	0.490557	0.002009
1.590000	0.490637	0.001979
1.595000	0.490561	0.001946
1.600000	0.490376	0.001910
1.605000	0.490119	0.001872
1.610000	0.489843	0.001832
1.615000	0.489636	0.001792
1.620000	0.489608	0.001751
1.625000	0.489855	0.001710
1.630000	0.490440	0.001671
1.635000	0.491389	0.001633
1.640000	0.492724	0.001597
1.645000	0.494483	0.001563
1.650000	0.496716	0.001532
1.655000	0.499420	0.001503
1.660000	0.502477	0.001476
1.665000	0.505677	0.001451
1.670000	0.508779	0.001429
1.675000	0.511565	0.001408
1.680000	0.513869	0.001389
1.685000	0.515603	0.001371
1.690000	0.516749	0.001354
1.695000	0.517326	0.001338
1.700000	0.517367	0.001322
1.705000	0.516916	0.001308
1.710000	0.516047	0.001295
1.715000	0.514862	0.001283
1.720000	0.513475	0.001272
1.725000	0.511997	0.001262
1.730000	0.510545	0.001252
1.735000	0.509262	0.001244
1.740000	0.508305	0.001236
1.745000	0.507798	0.001229
1.750000	0.507770	0.001222
1.755000	0.508137	0.001217
1.760000	0.508725	0.001215
1.765000	0.509324	0.001214
1.770000	0.509727	0.001217
1.775000	0.509738	0.001224
1.780000	0.509190	0.001233
1.785000	0.507973	0.001246
1.790000	0.506054	0.001262
1.795000	0.503482	0.001281
1.800000	0.500387	0.001301
1.805000	0.496956	0.001323
1.810000	0.493421	0.001346
1.815000	0.490058	0.001368
1.820000	0.487151	0.001390
1.825000	0.484927	0.001411
1.830000	0.483496	0.001430
1.835000	0.482833	0.001447
1.840000	0.482821	0.001462
1.845000	0.483307	0.001476
1.850000	0.484149	0.001490
1.855000	0.485219	0.001503
1.860000	0.486383	0.001518
1.865000	0.487490	0.001534
1.870000	0.488388	0.001553
1.875000	0.488958	0.001575
1.880000	0.489161	0.001599
1.885000	0.489073	0.001626
1.890000	0.488875	0.001654
1.895000	0.488786	0.001682
1.900000	0.488958	0.001707
1.905000	0.489437	0.001729
1.910000	0.490224	0.001745
1.915000	0.491333	0.001754
1.920000	0.492782	0.001756
1.925000	0.494527	0.001748
1.930000	0.496435	0.001731
1.935000	0.498311	0.001705
1.940000	0.499975	0.001668
1.945000	0.501322	0.001622
1.950000	0.502360	0.001566
1.955000	0.503191	0.001502
1.960000	0.503974	0.001432
1.965000	0.504863	0.001356
1.970000	0.505942	0.001277
1.975000	0.507186	0.001196
1.980000	0.508463	0.001115
1.985000	0.509583	0.001034
1.990000	0.510373	0.000956
1.995000	0.510740	0.000880
2.000000	0.510702	0.000809
2.005000	0.510375	0.000741
2.010000	0.509930	0.000678
2.015000	0.509522	0.000620
2.020000	0.509239	0.000567
2.025000	0.509067	0.000518
2.030000	0.508864	0.000473
2.035000	0.508409	0.000431
2.040000	0.507538	0.000393
2.045000	0.506240	0.000357
2.050000	0.504633	0.000324
2.055000	0.502899	0.000293
2.060000	0.501208	0.000265
2.065000	0.499686	0.000239
2.070000	0.498423	0.000215
2.075000	0.497497	0.000193
2.080000	0.496960	0.000173
2.085000	0.496810	0.000155
2.090000	0.496991	0.000137
2.095000	0.497431	0.000121
2.100000	0.498063	0.000107
2.105000	0.498819	0.000093
2.110000	0.499610	0.000081
2.115000	0.500330	0.000070
2.120000	0.500870	0.000061
2.125000	0.501147	0.000053
2.130000	0.501124	0.000046
2.135000	0.500805	0.000041
2.140000	0.500221	0.000036
2.145000	0.499414	0.000033
2.150000	0.498463	0.000031
2.155000	0.497487	0.000029
2.160000	0.496634	0.000028
2.165000	0.496014	0.000027
2.170000	0.495651	0.000026
2.175000	0.495483	0.000026
2.180000	0.495398	0.000026
2.185000	0.495278	0.000025
2.190000	0.495013	0.000025
2.195000	0.494513	0.000024
2.200000	0.493740	0.000024
2.205000	0.492743	0.000023
2.210000	0.491644	0.000022
2.215000	0.490593	0.000021
2.220000	0.489718	0.000021
2.225000	0.489103	0.000020
2.230000	0.488763	0.000020
2.235000	0.488630	0.000021
2.240000	0.488587	0.000021
2.245000	0.488530	0.000022
2.250000	0.488414	0.000024
2.255000	0.488247	0.000025
2.260000	0.488093	0.000027
2.265000	0.488073	0.000028
2.270000	0.488344	0.000030
2.275000	0.489049	0.000031
2.280000	0.490276	0.000032
2.285000	0.492020	0.000033
2.290000	0.494178	0.000034
2.295000	0.496569	0.000035
2.300000	0.498990	0.000036
2.305000	0.501265	0.000036
2.310000	0.503273	0.000037
2.315000	0.504931	0.000038
2.320000	0.506183	0.000038
2.325000	0.507018	0.000039
2.330000	0.507504	0.000040
2.335000	0.507789	0.000041
2.340000	0.508037	0.000042
2.345000	0.508314	0.000043
2.350000	0.508526	0.000044
2.355000	0.508496	0.000045
2.360000	0.508119	0.000046
2.365000	0.507433	0.000046
2.370000	0.506570	0.000047
2.375000	0.505666	0.000048
2.380000	0.504830	0.000049
2.385000	0.504160	0.000050
2.390000	0.503744	0.000051
2.395000	0.503629	0.000053
2.400000	0.503785	0.000056
2.405000	0.504081	0.000058
2.410000	0.504323	0.000061
2.415000	0.504344	0.000064
2.420000	0.504106	0.000066
2.425000	0.503704	0.000068
2.430000	0.503286	0.000070
2.435000	0.502949	0.000071
2.440000	0.502708	0.000071
2.445000	0.502517	0.000071
2.450000	0.502304	0.000071
2.455000	0.502010	0.000070
2.460000	0.501629	0.000070
2.465000	0.501230	0.000069
2.470000	0.500951	0.000069
2.475000	0.500959	0.000070
2.480000	0.501366	0.000071
2.485000	0.502115	0.000073
2.490000	0.502963	0.000075
2.495000	0.503586	0.000079
2.500000	0.503730	0.000083
2.505000	0.503298	0.000089
2.510000	0.502364	0.000095
2.515000	0.501136	0.000101
2.520000	0.499860	0.000108
2.525000	0.498723	0.000116
2.530000	0.497808	0.000123
2.535000	0.497100	0.000130
2.540000	0.496535	0.000137
2.545000	0.496021	0.000144
2.550000	0.495455	0.000150
2.555000	0.494746	0.000156
2.560000	0.493867	0.000161
2.565000	0.492877	0.000165
2.570000	0.491895	0.000169
2.575000	0.491045	0.000173
2.580000	0.490391	0.000176
2.585000	0.489939	0.000180
2.590000	0.489683	0.000183
2.595000	0.489633	0.000187
2.600000	0.489808	0.000191
2.605000	0.490198	0.000195
2.610000	0.490758	0.000200
2.615000	0.491412	0.000204
2.620000	0.492074	0.000209
2.625000	0.492669	0.000213
2.630000	0.493169	0.000218
2.635000	0.493619	0.000222
2.640000	0.494123	0.000225
2.645000	0.494804	0.000228
2.650000	0.495749	0.000230
2.655000	0.496973	0.000232
2.660000	0.498411	0.000233
2.665000	0.499925	0.000234
2.670000	0.501350	0.000235
2.675000	0.502558	0.000236
2.680000	0.503495	0.000238
2.685000	0.504163	0.000239
2.690000	0.504577	0.000242
2.695000	0.504736	0.000244
2.700000	0.504625	0.000247
2.705000	0.504229	0.000250
2.710000	0.503547	0.000253
2.715000	0.502612	0.000255
2.720000	0.501486	0.000256
2.725000	0.500258	0.000257
2.730000	0.499061	0.000257
2.735000	0.498067	0.000256
2.740000	0.497457	0.000254
2.745000	0.497371	0.000251
2.750000	0.497842	0.000247
2.755000	0.498774	0.000242
2.760000	0.499959	0.000237
2.765000	0.501152	0.000230
2.770000	0.502144	0.000223
2.775000	0.502810	0.000215
2.780000	0.503121	0.000206
2.785000	0.503123	0.000196
2.790000	0.502903	0.000186
2.795000	0.502564	0.000175
2.800000	0.502210	0.000164
2.805000	0.501945	0.000152
2.810000	0.501838	0.000140
2.815000	0.501875	0.000129
2.820000	0.501912	0.000118
2.825000	0.501727	0.000107
2.830000	0.501132	0.000097
2.835000	0.500049	0.000087
2.840000	0.498509	0.000078
2.845000	0.496655	0.000070
2.850000	0.494742	0.000063
2.855000	0.493060	0.000056
2.860000	0.491815	0.000051
2.865000	0.491105	0.000046
2.870000	0.490962	0.000042
2.875000	0.491378	0.000040
2.880000	0.492285	0.000038
2.885000	0.493567	0.000037
2.890000	0.495104	0.000037
2.895000	0.496789	0.000038
2.900000	0.498532	0.000039
2.905000	0.500218	0.000041
2.910000	0.501684	0.000043
2.915000	0.502773	0.000045
2.920000	0.503399	0.000047
2.925000	0.503565	0.000049
2.930000	0.503318	0.000051
2.935000	0.502718	0.000052
2.940000	0.501859	0.000054
2.945000	0.500894	0.000056
2.950000	0.500014	0.000058
2.955000	0.499354	0.000060
2.960000	0.498951	0.000063
2.965000	0.498758	0.000066
2.970000	0.498676	0.000070
2.975000	0.498586	0.000076
2.980000	0.498385	0.000083
2.985000	0.498014	0.000091
2.990000	0.497441	0.000101
2.995000	0.496634	0.000112
3.000000	0.495549	0.000125
3.005000	0.494187	0.000139
3.010000	0.492650	0.000154
3.015000	0.491163	0.000170
3.020000	0.490023	0.000187
3.025000	0.489509	0.000205
3.030000	0.489801	0.000222
3.035000	0.490940	0.000240
3.040000	0.492842	0.000259
3.045000	0.495325	0.000277
3.050000	0.498117	0.000296
3.055000	0.500880	0.000314
3.060000	0.503266	0.000332
3.065000	0.505006	0.000350
3.070000	0.505966	0.000367
3.075000	0.506159	0.000383
3.080000	0.505717	0.000399
3.085000	0.504839	0.000415
3.090000	0.503721	0.000430
3.095000	0.502500	0.000444
3.100000	0.501269	0.000459
3.105000	0.500125	0.000473
3.110000	0.499202	0.000487
3.115000	0.498637	0.000502
3.120000	0.498485	0.000516
3.125000	0.498684	0.000530
3.130000	0.499107	0.000545
3.135000	0.499622	0.000559
3.140000	0.500118	0.000573
3.145000	0.500492	0.000585
3.150000	0.500661	0.000597
3.155000	0.500599	0.000608
3.160000	0.500353	0.000618
3.165000	0.500026	0.000626
3.170000	0.499744	0.000633
3.175000	0.499634	0.000640
3.180000	0.499759	0.000646
3.185000	0.500039	0.000651
3.190000	0.500251	0.000656
3.195000	0.500164	0.000662
3.200000	0.499707	0.000668
3.205000	0.498982	0.000675
3.210000	0.498160	0.000683
3.215000	0.497365	0.000693
3.220000	0.496675	0.000704
3.225000	0.496172	0.000717
3.230000	0.495940	0.000732
3.235000	0.496025	0.000748
3.240000	0.496419	0.000765
3.245000	0.497077	0.000782
3.250000	0.497933	0.000798
3.255000	0.498919	0.000813
3.260000	0.499973	0.000825
3.265000	0.501025	0.000834
3.270000	0.501991	0.000839
3.275000	0.502803	0.000841
3.280000	0.503446	0.000840
3.285000	0.503980	0.000835
3.290000	0.504492	0.000828
3.295000	0.505020	0.000817
3.300000	0.505531	0.000803
3.305000	0.505951	0.000786
3.310000	0.506222	0.000767
3.315000	0.506334	0.000746
3.320000	0.506339	0.000722
3.325000	0.506317	0.000697
3.330000	0.506346	0.000671
3.335000	0.506470	0.000644
3.340000	0.506691	0.000616
3.345000	0.506958	0.000588
3.350000	0.507150	0.000561
3.355000	0.507104	0.000534
3.360000	0.506661	0.000509
3.365000	0.505726	0.000485
3.370000	0.504303	0.000463
3.375000	0.502501	0.000443
3.380000	0.500523	0.000425
3.385000	0.498623	0.000409
3.390000	0.497029	0.000395
3.395000	0.495878	0.000384
3.400000	0.495164	0.000374
3.405000	0.494761	0.000365
3.410000	0.494501	0.000358
3.415000	0.494248	0.000352
3.420000	0.493948	0.000347
3.425000	0.493625	0.000341
3.430000	0.493332	0.000336
3.435000	0.493098	0.000330
3.440000	0.492887	0.000322
3.445000	0.492637	0.000313
3.450000	0.492322	0.000302
3.455000	0.491966	0.000290
3.460000	0.491603	0.000276
3.465000	0.491232	0.000261
3.470000	0.490782	0.000245
3.475000	0.490139	0.000230
3.480000	0.489205	0.000215
3.485000	0.487957	0.000200
3.490000	0.486477	0.000187
3.495000	0.484936	0.000174
3.500000	0.483545	0.000163
3.505000	0.482510	0.000153
3.510000	0.481985	0.000144
3.515000	0.482043	0.000135
3.520000	0.482703	0.000128
3.525000	0.483965	0.000120
3.530000	0.485826	0.000114
3.535000	0.488233	0.000108
3.540000	0.491053	0.000104
3.545000	0.494085	0.000100
3.550000	0.497124	0.000097
3.555000	0.500010	0.000096
3.560000	0.502630	0.000095
3.565000	0.504896	0.000096
3.570000	0.506722	0.000098
3.575000	0.508040	0.000101
3.580000	0.508830	0.000105
3.585000	0.509147	0.000110
3.590000	0.509119	0.000116
3.595000	0.508923	0.000121
3.600000	0.508753	0.000127
3.605000	0.508764	0.000133
3.610000	0.509035	0.000139
3.615000	0.509550	0.000143
3.620000	0.510241	0.000148
3.625000	0.511024	0.000151
3.630000	0.511810	0.000155
3.635000	0.512489	0.000159
3.640000	0.512925	0.000163
3.645000	0.512994	0.000168
3.650000	0.512635	0.000173
3.655000	0.511872	0.000180
3.660000	0.510794	0.000188
3.665000	0.509489	0.000197
3.670000	0.508028	0.000208
3.675000	0.506510	0.000221
3.680000	0.505110	0.000235
3.685000	0.504028	0.000252
3.690000	0.503390	0.000270
3.695000	0.503185	0.000291
3.700000	0.503307	0.000313
3.705000	0.503628	0.000337
3.710000	0.504030	0.000362
3.715000	0.504398	0.000388
3.720000	0.504608	0.000414
3.725000	0.504551	0.000439
3.730000	0.504175	0.000464
3.735000	0.503495	0.000486
3.740000	0.502540	0.000507
3.745000	0.501295	0.000526
3.750000	0.499690	0.000542
3.755000	0.497673	0.000555
3.760000	0.495264	0.000564
3.765000	0.492567	0.000571
3.770000	0.489722	0.000575
3.775000	0.486866	0.000576
3.780000	0.484134	0.000575
3.785000	0.481703	0.000571
3.790000	0.479814	0.000565
3.795000	0.478750	0.000558
3.800000	0.478723	0.000549
3.805000	0.479756	0.000538
3.810000	0.481645	0.000526
3.815000	0.484051	0.000513
3.820000	0.486637	0.000499
3.825000	0.489159	0.000484
3.830000	0.491449	0.000468
3.835000	0.493367	0.000452
3.840000	0.494793	0.000436
3.845000	0.495651	0.000419
3.850000	0.495947	0.000403
3.855000	0.495794	0.000388
3.860000	0.495412	0.000373
3.865000	0.495066	0.000358
3.870000	0.494946	0.000345
3.875000	0.495084	0.000333
3.880000	0.495383	0.000322
3.885000	0.495708	0.000311
3.890000	0.495952	0.000301
3.895000	0.496060	0.000293
3.900000	0.496047	0.000285
3.905000	0.496011	0.000277
3.910000	0.496121	0.000271
3.915000	0.496529	0.000265
3.920000	0.497278	0.000260
3.925000	0.498284	0.000255
3.930000	0.499408	0.000250
3.935000	0.500526	0.000244
3.940000	0.501562	0.000238
3.945000	0.502474	0.000231
3.950000	0.503237	0.000223
3.955000	0.503840	0.000214
3.960000	0.504281	0.000204
3.965000	0.504595	0.000193
3.970000	0.504871	0.000181
3.975000	0.505239	0.000169
3.980000	0.505816	0.000157
3.985000	0.506638	0.000146
3.990000	0.507632	0.000135
3.995000	0.508650	0.000125
4.000000	0.509533	0.000115
4.005000	0.510170	0.000106
4.010000	0.510516	0.000098
4.015000	0.510588	0.000091
4.020000	0.510434	0.000084
4.025000	0.510098	0.000077
4.030000	0.509582	0.000072
4.035000	0.508851	0.000068
4.040000	0.507877	0.000064
4.045000	0.506699	0.000061
4.050000	0.505420	0.000060
4.055000	0.504159	0.000060
4.060000	0.503015	0.000060
4.065000	0.502063	0.000062
4.070000	0.501356	0.000066
4.075000	0.500914	0.000070
4.080000	0.500720	0.000076
4.085000	0.500720	0.000083
4.090000	0.500843	0.000091
4.095000	0.501027	0.000101
4.100000	0.501228	0.000111
4.105000	0.501433	0.000123
4.110000	0.501643	0.000137
4.115000	0.501828	0.000152
4.120000	0.501885	0.000169
4.125000	0.501663	0.000187
4.130000	0.501031	0.000207
4.135000	0.499939	0.000229
4.140000	0.498431	0.000253
4.145000	0.496624	0.000279
4.150000	0.494679	0.000306
4.155000	0.492760	0.000335
4.160000	0.490987	0.000364
4.165000	0.489395	0.000394
4.170000	0.487971	0.000423
4.175000	0.486738	0.000451
4.180000	0.485792	0.000477
4.185000	0.485267	0.000500
4.190000	0.485240	0.000520
4.195000	0.485705	0.000536
4.200000	0.486600	0.000550
4.205000	0.487850	0.000560
4.210000	0.489377	0.000567
4.215000	0.491082	0.000571
4.220000	0.492851	0.000573
4.225000	0.494577	0.000572
4.230000	0.496208	0.000568
4.235000	0.497759	0.000563
4.240000	0.499290	0.000555
4.245000	0.500842	0.000545
4.250000	0.502370	0.000534
4.255000	0.503730	0.000520
4.260000	0.504751	0.000504
4.265000	0.505313	0.000487
4.270000	0.505381	0.000469
4.275000	0.504998	0.000449
4.280000	0.504258	0.000429
4.285000	0.503261	0.000409
4.290000	0.502090	0.000389
4.295000	0.500796	0.000370
4.300000	0.499421	0.000352
4.305000	0.498037	0.000336
4.310000	0.496782	0.000323
4.315000	0.495859	0.000311
4.320000	0.495499	0.000302
4.325000	0.495861	0.000296
4.330000	0.496940	0.000292
4.335000	0.498564	0.000290
4.340000	0.500509	0.000291
4.345000	0.502596	0.000294
4.350000	0.504676	0.000299
4.355000	0.506570	0.000305
4.360000	0.508061	0.000312
4.365000	0.508947	0.000319
4.370000	0.509107	0.000326
4.375000	0.508543	0.000332
4.380000	0.507380	0.000337
4.385000	0.505817	0.000340
4.390000	0.504076	0.000342
4.395000	0.502350	0.000341
4.400000	0.500762	0.000338
4.405000	0.499353	0.000333
4.410000	0.498100	0.000327
4.415000	0.496966	0.000318
4.420000	0.495921	0.000308
4.425000	0.494930	0.000298
4.430000	0.493961	0.000286
4.435000	0.493001	0.000275
4.440000	0.492057	0.000263
4.445000	0.491130	0.000251
4.450000	0.490208	0.000239
4.455000	0.489326	0.000227
4.460000	0.488616	0.000216
4.465000	0.488285	0.000204
4.470000	0.488516	0.000193
4.475000	0.489380	0.000181
4.480000	0.490800	0.000170
4.485000	0.492572	0.000160
4.490000	0.494428	0.000149
4.495000	0.496122	0.000140
4.500000	0.497501	0.000130
4.505000	0.498519	0.000122
4.510000	0.499199	0.000114
4.515000	0.499593	0.000106
4.520000	0.499778	0.000099
4.525000	0.499877	0.000091
4.530000	0.500023	0.000084
4.535000	0.500300	0.000076
4.540000	0.500734	0.000068
4.545000	0.501287	0.000059
4.550000	0.501857	0.000051
4.555000	0.502309	0.000042
4.560000	0.502540	0.000034
4.565000	0.502533	0.000026
4.570000	0.502351	0.000019
4.575000	0.502088	0.000013
4.580000	0.501820	0.000009
4.585000	0.501590	0.000006
4.590000	0.501401	0.000004
4.595000	0.501218	0.000004
4.600000	0.500996	0.000006
4.605000	0.500703	0.000010
4.610000	0.500332	0.000017
4.615000	0.499920	0.000025
4.620000	0.499567	0.000035
4.625000	0.499419	0.000047
4.630000	0.499626	0.000060
4.635000	0.500289	0.000075
4.640000	0.501407	0.000091
4.645000	0.502844	0.000107
4.650000	0.504347	0.000123
4.655000	0.505669	0.000140
4.660000	0.506682	0.000155
4.665000	0.507416	0.000171
4.670000	0.507983	0.000186
4.675000	0.508445	0.000200
4.680000	0.508739	0.000213
4.685000	0.508690	0.000226
4.690000	0.508101	0.000239
4.695000	0.506848	0.000251
4.700000	0.504941	0.000262
4.705000	0.502522	0.000274
4.710000	0.499849	0.000285
4.715000	0.497241	0.000297
4.720000	0.495003	0.000309
4.725000	0.493349	0.000320
4.730000	0.492360	0.000332
4.735000	0.491997	0.000343
4.740000	0.492132	0.000354
4.745000	0.492581	0.000364
4.750000	0.493139	0.000374
4.755000	0.493601	0.000381
4.760000	0.493792	0.000388
4.765000	0.493581	0.000392
4.770000	0.492910	0.000395
4.775000	0.491820	0.000396
4.780000	0.490496	0.000396
4.785000	0.489260	0.000394
4.790000	0.488488	0.000391
4.795000	0.488430	0.000388
4.800000	0.489070	0.000386
4.805000	0.490190	0.000383
4.810000	0.491538	0.000382
4.815000	0.492913	0.000382
4.820000	0.494146	0.000384
4.825000	0.495066	0.000388
4.830000	0.495506	0.000394
4.835000	0.495357	0.000403
4.840000	0.494644	0.000413
4.845000	0.493590	0.000426
4.850000	0.492596	0.000441
4.855000	0.492088	0.000457
4.860000	0.492319	0.000474
4.865000	0.493293	0.000492
4.870000	0.494835	0.000511
4.875000	0.496690	0.000531
4.880000	0.498600	0.000553
4.885000	0.500341	0.000576
4.890000	0.501746	0.000601
4.895000	0.502716	0.000627
4.900000	0.503242	0.000656
4.905000	0.503414	0.000687
4.910000	0.503396	0.000719
4.915000	0.503368	0.000753
4.920000	0.503451	0.000789
4.925000	0.503673	0.000827
4.930000	0.503989	0.000867
4.935000	0.504363	0.000908
4.940000	0.504826	0.000951
4.945000	0.505466	0.000995
4.950000	0.506362	0.001041
4.955000	0.507536	0.001087
4.960000	0.508932	0.001134
4.965000	0.510430	0.001181
4.970000	0.511865	0.001228
4.975000	0.513052	0.001275
4.980000	0.513816	0.001321
4.985000	0.514027	0.001366
4.990000	0.513633	0.001410
4.995000	0.512668	0.001454
5.000000	0.511237	0.001496
5.005000	0.509500	0.001536
5.010000	0.507647	0.001576
5.015000	0.505872	0.001614
5.020000	0.504329	0.001652
5.025000	0.503092	0.001688
5.030000	0.502129	0.001724
5.035000	0.501324	0.001759
5.040000	0.500568	0.001795
5.045000	0.499815	0.001829
5.050000	0.499082	0.001863
5.055000	0.498398	0.001896
5.060000	0.497766	0.001925
5.065000	0.497162	0.001951
5.070000	0.496549	0.001972
5.075000	0.495882	0.001988
5.080000	0.495138	0.001997
5.085000	0.494320	0.002001
5.090000	0.493457	0.001999
5.095000	0.492613	0.001993
5.100000	0.491892	0.001982
5.105000	0.491408	0.001969
5.110000	0.491230	0.001955
5.115000	0.491333	0.001941
5.120000	0.491610	0.001927
5.125000	0.491936	0.001915
5.130000	0.492232	0.001905
5.135000	0.492471	0.001898
5.140000	0.492649	0.001892
5.145000	0.492736	0.001889
5.150000	0.492668	0.001886
5.155000	0.492375	0.001885
5.160000	0.491824	0.001884
5.165000	0.491056	0.001882
5.170000	0.490201	0.001880
5.175000	0.489468	0.001878
5.180000	0.489103	0.001875
5.185000	0.489319	0.001871
5.190000	0.490216	0.001866
5.195000	0.491737	0.001861
5.200000	0.493691	0.001856
5.205000	0.495822	0.001850
5.210000	0.497889	0.001845
5.215000	0.499691	0.001841
5.220000	0.501079	0.001837
5.225000	0.501966	0.001836
5.230000	0.502360	0.001835
5.235000	0.502368	0.001836
5.240000	0.502169	0.001838
5.245000	0.501958	0.001840
5.250000	0.501888	0.001842
5.255000	0.502045	0.001843
5.260000	0.502445	0.001843
5.265000	0.503036	0.001840
5.270000	0.503713	0.001834
5.275000	0.504350	0.001825
5.280000	0.504849	0.001811
5.285000	0.505169	0.001794
5.290000	0.505313	0.001773
5.295000	0.505293	0.001749
5.300000	0.505109	0.001723
5.305000	0.504749	0.001695
5.310000	0.504199	0.001667
5.315000	0.503461	0.001640
5.320000	0.502564	0.001613
5.325000	0.501545	0.001589
5.330000	0.500438	0.001567
5.335000	0.499261	0.001549
5.340000	0.498034	0.001533
5.345000	0.496832	0.001520
5.350000	0.495818	0.001509
5.355000	0.495201	0.001500
5.360000	0.495119	0.001491
5.365000	0.495584	0.001483
5.370000	0.496498	0.001475
5.375000	0.497695	0.001466
5.380000	0.498977	0.001456
5.385000	0.500151	0.001446
5.390000	0.501070	0.001435
5.395000	0.501673	0.001422
5.400000	0.501989	0.001408
5.405000	0.502112	0.001391
5.410000	0.502180	0.001371
5.415000	0.502346	0.001348
5.420000	0.502726	0.001320
5.425000	0.503350	0.001288
5.430000	0.504113	0.001251
5.435000	0.504782	0.001210
5.440000	0.505090	0.001166
5.445000	0.504847	0.001120
5.450000	0.503994	0.001072
5.455000	0.502574	0.001026
5.460000	0.500719	0.000982
5.465000	0.498658	0.000942
5.470000	0.496678	0.000906
5.475000	0.495064	0.000874
5.480000	0.494012	0.000848
5.485000	0.493537	0.000826
5.490000	0.493456	0.000809
5.495000	0.493480	0.000796
5.500000	0.493362	0.000786
5.505000	0.493000	0.000779
5.510000	0.492441	0.000773
5.515000	0.491821	0.000769
5.520000	0.491290	0.000766
5.525000	0.490994	0.000762
5.530000	0.491042	0.000758
5.535000	0.491479	0.000755
5.540000	0.492279	0.000751
5.545000	0.493385	0.000747
5.550000	0.494712	0.000744
5.555000	0.496122	0.000742
5.560000	0.497410	0.000742
5.565000	0.498349	0.000743
5.570000	0.498767	0.000745
5.575000	0.498631	0.000748
5.580000	0.498092	0.000752
5.585000	0.497461	0.000756
5.590000	0.497109	0.000759
5.595000	0.497311	0.000762
5.600000	0.498130	0.000764
5.605000	0.499406	0.000765
5.610000	0.500844	0.000764
5.615000	0.502146	0.000763
5.620000	0.503116	0.000761
5.625000	0.503698	0.000758
5.630000	0.503967	0.000755
5.635000	0.504087	0.000752
5.640000	0.504239	0.000750
5.645000	0.504538	0.000747
5.650000	0.504974	0.000745
5.655000	0.505401	0.000743
5.660000	0.505599	0.000742
5.665000	0.505352	0.000741
5.670000	0.504541	0.000739
5.675000	0.503198	0.000737
5.680000	0.501496	0.000735
5.685000	0.499652	0.000733
5.690000	0.497835	0.000730
5.695000	0.496152	0.000728
5.700000	0.494689	0.000725
5.705000	0.493528	0.000723
5.710000	0.492725	0.000722
5.715000	0.492308	0.000721
5.720000	0.492298	0.000721
5.725000	0.492731	0.000722
5.730000	0.493625	0.000724
5.735000	0.494937	0.000727
5.740000	0.496521	0.000729
5.745000	0.498148	0.000731
5.750000	0.499551	0.000732
5.755000	0.500500	0.000731
5.760000	0.500861	0.000728
5.765000	0.500645	0.000722
5.770000	0.499993	0.000713
5.775000	0.499120	0.000701
5.780000	0.498245	0.000686
5.785000	0.497526	0.000668
5.790000	0.497052	0.000647
5.795000	0.496861	0.000626
5.800000	0.496957	0.000604
5.805000	0.497306	0.000583
5.810000	0.497843	0.000563
5.815000	0.498513	0.000545
5.820000	0.499291	0.000529
5.825000	0.500163	0.000514
5.830000	0.501098	0.000500
5.835000	0.502056	0.000487
5.840000	0.502969	0.000474
5.845000	0.503716	0.000461
5.850000	0.504163	0.000448
5.855000	0.504245	0.000435
5.860000	0.504013	0.000421
5.865000	0.503609	0.000407
5.870000	0.503189	0.000392
5.875000	0.502852	0.000377
5.880000	0.502613	0.000363
5.885000	0.502427	0.000348
5.890000	0.502235	0.000335
5.895000	0.501977	0.000323
5.900000	0.501594	0.000312
5.905000	0.501066	0.000303
5.910000	0.500451	0.000295
5.915000	0.499869	0.000289
5.920000	0.499449	0.000285
5.925000	0.499294	0.000282
5.930000	0.499492	0.000280
5.935000	0.500134	0.000281
5.940000	0.501265	0.000282
5.945000	0.502823	0.000285
5.950000	0.504608	0.000290
5.955000	0.506332	0.000296
5.960000	0.507703	0.000303
5.965000	0.508494	0.000311
5.970000	0.508564	0.000319
5.975000	0.507857	0.000328
5.980000	0.506414	0.000336
5.985000	0.504371	0.000345
5.990000	0.501925	0.000352
5.995000	0.499287	0.000359
6.000000	0.496638	0.000365
6.005000	0.494135	0.000371
6.010000	0.491917	0.000376
6.015000	0.490097	0.000381
6.020000	0.488735	0.000386
6.025000	0.487828	0.000392
6.030000	0.487324	0.000399
6.035000	0.487135	0.000406
6.040000	0.487139	0.000416
6.045000	0.487195	0.000427
6.050000	0.487186	0.000441
6.055000	0.487090	0.000457
6.060000	0.487002	0.000476
6.065000	0.487093	0.000498
6.070000	0.487527	0.000522
6.075000	0.488407	0.000549
6.080000	0.489747	0.000579
6.085000	0.491478	0.000611
6.090000	0.493449	0.000645
6.095000	0.495465	0.000682
6.100000	0.497357	0.000720
6.105000	0.499035	0.000760
6.110000	0.500489	0.000800
6.115000	0.501744	0.000841
6.120000	0.502817	0.000882
6.125000	0.503681	0.000922
6.130000	0.504266	0.000961
6.135000	0.504488	0.000998
6.140000	0.504297	0.001032
6.145000	0.503709	0.001064
6.150000	0.502790	0.001093
6.155000	0.501637	0.001119
6.160000	0.500338	0.001141
6.165000	0.498967	0.001162
6.170000	0.497590	0.001180
6.175000	0.496297	0.001197
6.180000	0.495236	0.001212
6.185000	0.494604	0.001226
6.190000	0.494562	0.001239
6.195000	0.495137	0.001251
6.200000	0.496198	0.001262
6.205000	0.497507	0.001273
6.210000	0.498833	0.001283
6.215000	0.500051	0.001294
6.220000	0.501173	0.001305
6.225000	0.502270	0.001318
6.230000	0.503372	0.001331
6.235000	0.504426	0.001347
6.240000	0.505324	0.001365
6.245000	0.505965	0.001386
6.250000	0.506279	0.001409
6.255000	0.506220	0.001434
6.260000	0.505763	0.001461
6.265000	0.504942	0.001491
6.270000	0.503887	0.001522
6.275000	0.502820	0.001555
6.280000	0.501988	0.001589
6.285000	0.501593	0.001624
6.290000	0.501746	0.001659
6.295000	0.502451	0.001693
6.300000	0.503615	0.001727
6.305000	0.505060	0.001759
6.310000	0.506537	0.001787
6.315000	0.507743	0.001813
6.320000	0.508377	0.001833
6.325000	0.508231	0.001849
6.330000	0.507272	0.001860
6.335000	0.505651	0.001865
6.340000	0.503641	0.001865
6.345000	0.501547	0.001861
6.350000	0.499615	0.001853
6.355000	0.497993	0.001842
6.360000	0.496752	0.001830
6.365000	0.495920	0.001817
6.370000	0.495508	0.001804
6.375000	0.495496	0.001792
6.380000	0.495818	0.001780
6.385000	0.496355	0.001770
6.390000	0.496974	0.001761
6.395000	0.497581	0.001752
6.400000	0.498162	0.001743
6.405000	0.498769	0.001735
6.410000	0.499467	0.001727
6.415000	0.500269	0.001719
6.420000	0.501097	0.001711
6.425000	0.501808	0.001705
6.430000	0.502254	0.001700
6.435000	0.502332	0.001695
6.440000	0.502001	0.001691
6.445000	0.501290	0.001688
6.450000	0.500292	0.001683
6.455000	0.499139	0.001678
6.460000	0.497986	0.001670
6.465000	0.496965	0.001660
6.470000	0.496140	0.001646
6.475000	0.495465	0.001629
6.480000	0.494810	0.001608
6.485000	0.494055	0.001584
6.490000	0.493207	0.001556
6.495000	0.492439	0.001524
6.500000	0.492009	0.001489
6.505000	0.492109	0.001451
6.510000	0.492739	0.001409
6.515000	0.493694	0.001366
6.520000	0.494659	0.001320
6.525000	0.495350	0.001273
6.530000	0.495608	0.001225
6.535000	0.495424	0.001176
6.540000	0.494899	0.001126
6.545000	0.494184	0.001075
6.550000	0.493425	0.001023
6.555000	0.492732	0.000970
6.560000	0.492170	0.000918
6.565000	0.491773	0.000866
6.570000	0.491543	0.000815
6.575000	0.491430	0.000766
6.580000	0.491335	0.000719
6.585000	0.491151	0.000674
6.590000	0.490837	0.000632
6.595000	0.490471	0.000592
6.600000	0.490264	0.000556
6.605000	0.490507	0.000522
6.610000	0.491459	0.000491
6.615000	0.493218	0.000462
6.620000	0.495681	0.000436
6.625000	0.498592	0.000413
6.630000	0.501641	0.000391
6.635000	0.504551	0.000370
6.640000	0.507117	0.000352
6.645000	0.509225	0.000334
6.650000	0.510842	0.000318
6.655000	0.512003	0.000303
6.660000	0.512756	0.000289
6.665000	0.513129	0.000275
6.670000	0.513128	0.000263
6.675000	0.512761	0.000252
6.680000	0.512068	0.000242
6.685000	0.511124	0.000232
6.690000	0.510031	0.000223
6.695000	0.508894	0.000215
6.700000	0.507782	0.000206
6.705000	0.506717	0.000197
6.710000	0.505703	0.000188
6.715000	0.504739	0.000178
6.720000	0.503796	0.000167
6.725000	0.502809	0.000156
6.730000	0.501705	0.000144
6.735000	0.500480	0.000131
6.740000	0.499226	0.000118
6.745000	0.498069	0.000104
6.750000	0.497094	0.000091
6.755000	0.496339	0.000077
6.760000	0.495810	0.000064
6.765000	0.495466	0.000052
6.770000	0.495193	0.000041
6.775000	0.494857	0.000032
6.780000	0.494390	0.000024
6.785000	0.493843	0.000017
6.790000	0.493363	0.000012
6.795000	0.493133	0.000007
6.800000	0.493295	0.000004
6.805000	0.493926	0.000002
6.810000	0.495008	0.000001
6.815000	0.496437	0.000000
6.820000	0.498023	0.000000
6.825000	0.499503	0.000001
6.830000	0.500573	0.000001
6.835000	0.500967	0.000003
6.840000	0.500550	0.000005
6.845000	0.499388	0.000007
6.850000	0.497718	0.000010
6.855000	0.495869	0.000012
6.860000	0.494151	0.000015
6.865000	0.492778	0.000017
6.870000	0.491840	0.000019
6.875000	0.491318	0.000019
6.880000	0.491128	0.000020
6.885000	0.491187	0.000019
6.890000	0.491440	0.000018
6.895000	0.491858	0.000016
6.900000	0.492405	0.000014
6.905000	0.493013	0.000012
6.910000	0.493578	0.000010
6.915000	0.494002	0.000008
6.920000	0.494240	0.000006
6.925000	0.494316	0.000005
6.930000	0.494302	0.000004
6.935000	0.494277	0.000003
6.940000	0.494287	0.000003
6.945000	0.494321	0.000004
6.950000	0.494323	0.000005
6.955000	0.494248	0.000007
6.960000	0.494123	0.000009
6.965000	0.494072	0.000012
6.970000	0.494263	0.000014
6.975000	0.494836	0.000017
6.980000	0.495856	0.000020
6.985000	0.497301	0.000023
6.990000	0.499082	0.000025
6.995000	0.501068	0.000027
7.000000	0.503103	0.000029
7.005000	0.505026	0.000031
7.010000	0.506688	0.000033
7.015000	0.507992	0.000035
7.020000	0.508926	0.000037
7.025000	0.509561	0.000040
7.030000	0.510000	0.000044
7.035000	0.510317	0.000049
7.040000	0.510541	0.000054
7.045000	0.510673	0.000060
7.050000	0.510692	0.000066
7.055000	0.510536	0.000072
7.060000	0.510109	0.000079
7.065000	0.509318	0.000085
7.070000	0.508128	0.000091
7.075000	0.506591	0.000096
7.080000	0.504832	0.000102
7.085000	0.502993	0.000107
7.090000	0.501185	0.000113
7.095000	0.499483	0.000119
7.100000	0.497973	0.000126
7.105000	0.496791	0.000133
7.110000	0.496079	0.000140
7.115000	0.495906	0.000147
7.120000	0.496218	0.000155
7.125000	0.496877	0.000164
7.130000	0.497746	0.000173
7.135000	0.498766	0.000183
7.140000	0.499933	0.000195
7.145000	0.501201	0.000207
7.150000	0.502405	0.000222
7.155000	0.503297	0.000237
7.160000	0.503657	0.000254
7.165000	0.503410	0.000273
7.170000	0.502660	0.000292
7.175000	0.501637	0.000312
7.180000	0.500569	0.000333
7.185000	0.499581	0.000354
7.190000	0.498670	0.000375
7.195000	0.497747	0.000394
7.200000	0.496705	0.000411
7.205000	0.495505	0.000426
7.210000	0.494227	0.000439
7.215000	0.493078	0.000449
7.220000	0.492322	0.000457
7.225000	0.492179	0.000462
7.230000	0.492742	0.000465
7.235000	0.493951	0.000467
7.240000	0.495607	0.000468
7.245000	0.497432	0.000468
7.250000	0.499137	0.000468
7.255000	0.500498	0.000469
7.260000	0.501398	0.000472
7.265000	0.501830	0.000476
7.270000	0.501858	0.000483
7.275000	0.501581	0.000492
7.280000	0.501085	0.000504
7.285000	0.500429	0.000518
7.290000	0.499632	0.000534
7.295000	0.498683	0.000551
7.300000	0.497564	0.000569
7.305000	0.496278	0.000587
7.310000	0.494879	0.000604
7.315000	0.493461	0.000619
7.320000	0.492147	0.000632
7.325000	0.491080	0.000643
7.330000	0.490417	0.000651
7.335000	0.490289	0.000656
7.340000	0.490736	0.000658
7.345000	0.491671	0.000658
7.350000	0.492908	0.000655
7.355000	0.494237	0.000649
7.360000	0.495484	0.000641
7.365000	0.496526	0.000631
7.370000	0.497268	0.000620
7.375000	0.497609	0.000607
7.380000	0.497464	0.000593
7.385000	0.496807	0.000579
7.390000	0.495704	0.000566
7.395000	0.494302	0.000554
7.400000	0.492817	0.000543
7.405000	0.491527	0.000533
7.410000	0.490772	0.000525
7.415000	0.490909	0.000518
7.420000	0.492210	0.000513
7.425000	0.494739	0.000510
7.430000	0.498284	0.000508
7.435000	0.502427	0.000508
7.440000	0.506691	0.000510
7.445000	0.510661	0.000513
7.450000	0.514049	0.000517
7.455000	0.516690	0.000522
7.460000	0.518506	0.000528
7.465000	0.519444	0.000532
7.470000	0.519458	0.000536
7.475000	0.518532	0.000538
7.480000	0.516732	0.000538
7.485000	0.514243	0.000535
7.490000	0.511369	0.000529
7.495000	0.508499	0.000521
7.500000	0.506003	0.000510
7.505000	0.504122	0.000498
7.510000	0.502896	0.000483
7.515000	0.502189	0.000467
7.520000	0.501782	0.000451
7.525000	0.501475	0.000434
7.530000	0.501140	0.000417
7.535000	0.500689	0.000401
7.540000	0.500019	0.000385
7.545000	0.499020	0.000370
7.550000	0.497647	0.000355
7.555000	0.495975	0.000342
7.560000	0.494193	0.000331
7.565000	0.492507	0.000322
7.570000	0.491031	0.000314
7.575000	0.489765	0.000308
7.580000	0.488656	0.000305
7.585000	0.487678	0.000303
7.590000	0.486847	0.000305
7.595000	0.486196	0.000309
7.600000	0.485746	0.000315
7.605000	0.485485	0.000324
7.610000	0.485385	0.000335
7.615000	0.485411	0.000348
7.620000	0.485532	0.000362
7.625000	0.485704	0.000378
7.630000	0.485867	0.000395
7.635000	0.485960	0.000413
7.640000	0.485974	0.000430
7.645000	0.486018	0.000447
7.650000	0.486294	0.000463
7.655000	0.486970	0.000478
7.660000	0.488086	0.000491
7.665000	0.489588	0.000501
7.670000	0.491391	0.000509
7.675000	0.493389	0.000514
7.680000	0.495446	0.000517
7.685000	0.497420	0.000517
7.690000	0.499214	0.000515
7.695000	0.500827	0.000511
7.700000	0.502360	0.000506
7.705000	0.503964	0.000499
7.710000	0.505748	0.000491
7.715000	0.507712	0.000482
7.720000	0.509747	0.000472
7.725000	0.511671	0.000462
7.730000	0.513281	0.000452
7.735000	0.514423	0.000443
7.740000	0.515039	0.000434
7.745000	0.515193	0.000426
7.750000	0.515038	0.000418
7.755000	0.514736	0.000411
7.760000	0.514379	0.000405
7.765000	0.513958	0.000399
7.770000	0.513400	0.000393
7.775000	0.512629	0.000387
7.780000	0.511626	0.000381
7.785000	0.510450	0.000376
7.790000	0.509194	0.000372
7.795000	0.507940	0.000367
7.800000	0.506737	0.000364
7.805000	0.505596	0.000361
7.810000	0.504475	0.000358
7.815000	0.503300	0.000356
7.820000	0.502022	0.000354
7.825000	0.500672	0.000352
7.830000	0.499347	0.000351
7.835000	0.498142	0.000351
7.840000	0.497094	0.000351
7.845000	0.496190	0.000351
7.850000	0.495400	0.000352
7.855000	0.494706	0.000352
7.860000	0.494110	0.000352
7.865000	0.493638	0.000351
7.870000	0.493368	0.000350
7.875000	0.493419	0.000348
7.880000	0.493868	0.000345
7.885000	0.494673	0.000341
7.890000	0.495682	0.000337
7.895000	0.496723	0.000332
7.900000	0.497667	0.000326
7.905000	0.498443	0.000320
7.910000	0.499030	0.000314
7.915000	0.499426	0.000308
7.920000	0.499616	0.000302
7.925000	0.499556	0.000297
7.930000	0.499202	0.000292
7.935000	0.498549	0.000288
7.940000	0.497632	0.000284
7.945000	0.496482	0.000282
7.950000	0.495107	0.000281
7.955000	0.493519	0.000281
7.960000	0.491786	0.000282
7.965000	0.490040	0.000285
7.970000	0.488445	0.000289
7.975000	0.487141	0.000293
7.980000	0.486219	0.000298
7.985000	0.485732	0.000304
7.990000	0.485703	0.000310
7.995000	0.486102	0.000316
8.000000	0.486842	0.000323
8.005000	0.487806	0.000328
8.010000	0.488881	0.000334
8.015000	0.489965	0.000338
8.020000	0.490980	0.000341
8.025000	0.491865	0.000342
8.030000	0.492602	0.000342
8.035000	0.493250	0.000339
8.040000	0.493957	0.000334
8.045000	0.494928	0.000326
8.050000	0.496327	0.000315
8.055000	0.498181	0.000302
8.060000	0.500357	0.000287
8.065000	0.502621	0.000269
8.070000	0.504722	0.000251
8.075000	0.506459	0.000233
8.080000	0.507731	0.000215
8.085000	0.508563	0.000198
8.090000	0.509090	0.000183
8.095000	0.509468	0.000170
8.100000	0.509767	0.000159
8.105000	0.509945	0.000149
8.110000	0.509897	0.000141
8.115000	0.509524	0.000135
8.120000	0.508786	0.000130
8.125000	0.507719	0.000125
8.130000	0.506416	0.000121
8.135000	0.504995	0.000116
8.140000	0.503588	0.000112
8.145000	0.502304	0.000107
8.150000	0.501171	0.000101
8.155000	0.500147	0.000095
8.160000	0.499218	0.000088
8.165000	0.498459	0.000081
8.170000	0.497987	0.000075
8.175000	0.497891	0.000068
8.180000	0.498170	0.000061
8.185000	0.498723	0.000055
8.190000	0.499394	0.000049
8.195000	0.500040	0.000043
8.200000	0.500587	0.000038
8.205000	0.501037	0.000034
8.210000	0.501409	0.000031
8.215000	0.501663	0.000028
8.220000	0.501690	0.000026
8.225000	0.501391	0.000024
8.230000	0.500751	0.000023
8.235000	0.499839	0.000022
8.240000	0.498786	0.000022
8.245000	0.497758	0.000022
8.250000	0.496932	0.000022
8.255000	0.496440	0.000022
8.260000	0.496331	0.000023
8.265000	0.496582	0.000024
8.270000	0.497141	0.000026
8.275000	0.497970	0.000028
8.280000	0.499049	0.000030
8.285000	0.500342	0.000032
8.290000	0.501756	0.000035
8.295000	0.503131	0.000038
8.300000	0.504276	0.000041
8.305000	0.505039	0.000045
8.310000	0.505355	0.000048
8.315000	0.505250	0.000051
8.320000	0.504815	0.000055
8.325000	0.504157	0.000058
8.330000	0.503360	0.000062
8.335000	0.502463	0.000065
8.340000	0.501470	0.000068
8.345000	0.500367	0.000070
8.350000	0.499164	0.000072
8.355000	0.497916	0.000072
8.360000	0.496717	0.000072
8.365000	0.495688	0.000071
8.370000	0.494953	0.000069
8.375000	0.494606	0.000066
8.380000	0.494672	0.000062
8.385000	0.495063	0.000058
8.390000	0.495608	0.000054
8.395000	0.496107	0.000050
8.400000	0.496389	0.000046
8.405000	0.496327	0.000042
8.410000	0.495845	0.000039
8.415000	0.494934	0.000036
8.420000	0.493668	0.000034
8.425000	0.492191	0.000032
8.430000	0.490673	0.000031
8.435000	0.489290	0.000031
8.440000	0.488208	0.000031
8.445000	0.487569	0.000032
8.450000	0.487459	0.000033
8.455000	0.487883	0.000035
8.460000	0.488790	0.000038
8.465000	0.490091	0.000041
8.470000	0.491646	0.000044
8.475000	0.493278	0.000048
8.480000	0.494816	0.000052
8.485000	0.496162	0.000055
8.490000	0.497325	0.000059
8.495000	0.498410	0.000062
8.500000	0.499567	0.000064
8.505000	0.500923	0.000065
8.510000	0.502535	0.000066
8.515000	0.504341	0.000065
8.520000	0.506162	0.000064
8.525000	0.507731	0.000063
8.530000	0.508778	0.000060
8.535000	0.509123	0.000057
8.540000	0.508751	0.000054
8.545000	0.507810	0.000051
8.550000	0.506528	0.000047
8.555000	0.505112	0.000044
8.560000	0.503718	0.000041
8.565000	0.502443	0.000037
8.570000	0.501347	0.000034
8.575000	0.500458	0.000031
8.580000	0.499792	0.000027
8.585000	0.499369	0.000024
8.590000	0.499207	0.000021
8.595000	0.499250	0.000017
8.600000	0.499321	0.000014
8.605000	0.499203	0.000011
8.610000	0.498785	0.000008
8.615000	0.498123	0.000006
8.620000	0.497398	0.000004
8.625000	0.496813	0.000003
8.630000	0.496517	0.000002
8.635000	0.496555	0.000002
8.640000	0.496860	0.000001
8.645000	0.497266	0.000001
8.650000	0.497569	0.000001
8.655000	0.497605	0.000001
8.660000	0.497319	0.000002
8.665000	0.496768	0.000002
8.670000	0.496091	0.000002
8.675000	0.495466	0.000002
8.680000	0.495074	0.000003
8.685000	0.495046	0.000003
8.690000	0.495436	0.000004
8.695000	0.496196	0.000005
8.700000	0.497203	0.000006
8.705000	0.498308	0.000007
8.710000	0.499388	0.000008
8.715000	0.500359	0.000010
8.720000	0.501161	0.000012
8.725000	0.501776	0.000014
8.730000	0.502243	0.000016
8.735000	0.502635	0.000019
8.740000	0.503012	0.000021
8.745000	0.503390	0.000023
8.750000	0.503738	0.000026
8.755000	0.504018	0.000028
8.760000	0.504211	0.000030
8.765000	0.504327	0.000032
8.770000	0.504402	0.000034
8.775000	0.504486	0.000035
8.780000	0.504623	0.000037
8.785000	0.504814	0.000038
8.790000	0.504990	0.000039
8.795000	0.505048	0.000040
8.800000	0.504924	0.000040
8.805000	0.504635	0.000041
8.810000	0.504277	0.000040
8.815000	0.503956	0.000040
8.820000	0.503701	0.000040
8.825000	0.503413	0.000040
8.830000	0.502891	0.000039
8.835000	0.501909	0.000038
8.840000	0.500318	0.000038
8.845000	0.498123	0.000037
8.850000	0.495522	0.000037
8.855000	0.492879	0.000037
8.860000	0.490614	0.000037
8.865000	0.489064	0.000037
8.870000	0.488392	0.000038
8.875000	0.488566	0.000040
8.880000	0.489386	0.000042
8.885000	0.490542	0.000045
8.890000	0.491702	0.000048
8.895000	0.492621	0.000052
8.900000	0.493217	0.000056
8.905000	0.493582	0.000061
8.910000	0.493899	0.000065
8.915000	0.494333	0.000070
8.920000	0.494940	0.000075
8.925000	0.495646	0.000081
8.930000	0.496282	0.000086
8.935000	0.496653	0.000093
8.940000	0.496605	0.000099
8.945000	0.496101	0.000107
8.950000	0.495255	0.000114
8.955000	0.494322	0.000122
8.960000	0.493613	0.000130
8.965000	0.493364	0.000138
8.970000	0.493666	0.000145
8.975000	0.494469	0.000153
8.980000	0.495642	0.000160
8.985000	0.497039	0.000167
8.990000	0.498541	0.000174
8.995000	0.500075	0.000181
9.000000	0.501609	0.000187
9.005000	0.503117	0.000193
9.010000	0.504536	0.000198
9.015000	0.505754	0.000202
9.020000	0.506650	0.000206
9.025000	0.507148	0.000208
9.030000	0.507241	0.000209
9.035000	0.506974	0.000210
9.040000	0.506414	0.000209
9.045000	0.505628	0.000206
9.050000	0.504685	0.000203
9.055000	0.503650	0.000198
9.060000	0.502601	0.000192
9.065000	0.501625	0.000184
9.070000	0.500794	0.000176
9.075000	0.500121	0.000166
9.080000	0.499551	0.000156
9.085000	0.498997	0.000146
9.090000	0.498410	0.000136
9.095000	0.497824	0.000126
9.100000	0.497346	0.000117
9.105000	0.497119	0.000108
9.110000	0.497263	0.000100
9.115000	0.497805	0.000092
9.120000	0.498636	0.000086
9.125000	0.499511	0.000080
9.130000	0.500138	0.000075
9.135000	0.500305	0.000071
9.140000	0.499951	0.000068
9.145000	0.499161	0.000064
9.150000	0.498097	0.000062
9.155000	0.496936	0.000059
9.160000	0.495824	0.000057
9.165000	0.494862	0.000055
9.170000	0.494098	0.000053
9.175000	0.493523	0.000051
9.180000	0.493096	0.000050
9.185000	0.492805	0.000048
9.190000	0.492706	0.000047
9.195000	0.492915	0.000046
9.200000	0.493561	0.000045
9.205000	0.494732	0.000043
9.210000	0.496419	0.000042
9.215000	0.498489	0.000040
9.220000	0.500708	0.000039
9.225000	0.502823	0.000036
9.230000	0.504632	0.000034
9.235000	0.506011	0.000031
9.240000	0.506893	0.000028
9.245000	0.507263	0.000026
9.250000	0.507160	0.000023
9.255000	0.506690	0.000020
9.260000	0.505999	0.000018
9.265000	0.505242	0.000017
9.270000	0.504550	0.000016
9.275000	0.504025	0.000015
9.280000	0.503732	0.000015
9.285000	0.503658	0.000015
9.290000	0.503687	0.000016
9.295000	0.503655	0.000017
9.300000	0.503448	0.000019
9.305000	0.503054	0.000021
9.310000	0.502541	0.000023
9.315000	0.502002	0.000026
9.320000	0.501480	0.000030
9.325000	0.500947	0.000034
9.330000	0.500307	0.000039
9.335000	0.499455	0.000044
9.340000	0.498330	0.000050
9.345000	0.496933	0.000056
9.350000	0.495316	0.000063
9.355000	0.493565	0.000070
9.360000	0.491794	0.000077
9.365000	0.490139	0.000085
9.370000	0.488752	0.000092
9.375000	0.487781	0.000100
9.380000	0.487346	0.000107
9.385000	0.487527	0.000114
9.390000	0.488348	0.000122
9.395000	0.489773	0.000128
9.400000	0.491703	0.000135
9.405000	0.493979	0.000141
9.410000	0.496393	0.000147
9.415000	0.498733	0.000153
9.420000	0.500835	0.000158
9.425000	0.502594	0.000164
9.430000	0.503950	0.000169
9.435000	0.504872	0.000174
9.440000	0.505375	0.000179
9.445000	0.505548	0.000183
9.450000	0.505558	0.000187
9.455000	0.505590	0.000190
9.460000	0.505783	0.000192
9.465000	0.506181	0.000194
9.470000	0.506722	0.000196
9.475000	0.507261	0.000197
9.480000	0.507621	0.000198
9.485000	0.507659	0.000199
9.490000	0.507321	0.000200
9.495000	0.506653	0.000200
9.500000	0.505762	0.000201
9.505000	0.504791	0.000201
9.510000	0.503882	0.000200
9.515000	0.503139	0.000199
9.520000	0.502588	0.000197
9.525000	0.502161	0.000194
9.530000	0.501725	0.000191
9.535000	0.501149	0.000187
9.540000	0.500356	0.000183
9.545000	0.499344	0.000178
9.550000	0.498178	0.000173
9.555000	0.496952	0.000167
9.560000	0.495739	0.000161
9.565000	0.494564	0.000155
9.570000	0.493428	0.000149
9.575000	0.492355	0.000143
9.580000	0.491420	0.000137
9.585000	0.490717	0.000131
9.590000	0.490323	0.000126
9.595000	0.490263	0.000120
9.600000	0.490504	0.000116
9.605000	0.490951	0.000112
9.610000	0.491457	0.000108
9.615000	0.491857	0.000105
9.620000	0.491998	0.000103
9.625000	0.491776	0.000102
9.630000	0.491169	0.000102
9.635000	0.490275	0.000102
9.640000	0.489308	0.000104
9.645000	0.488509	0.000106
9.650000	0.488042	0.000110
9.655000	0.487950	0.000115
9.660000	0.488213	0.000121
9.665000	0.488819	0.000128
9.670000	0.489801	0.000136
9.675000	0.491191	0.000144
9.680000	0.492961	0.000153
9.685000	0.495004	0.000162
9.690000	0.497143	0.000171
9.695000	0.499166	0.000180
9.700000	0.500872	0.000189
9.705000	0.502122	0.000197
9.710000	0.502879	0.000205
9.715000	0.503210	0.000214
9.720000	0.503254	0.000222
9.725000	0.503169	0.000230
9.730000	0.503076	0.000239
9.735000	0.503025	0.000248
9.740000	0.502990	0.000257
9.745000	0.502904	0.000266
9.750000	0.502706	0.000276
9.755000	0.502381	0.000286
9.760000	0.501961	0.000296
9.765000	0.501491	0.000307
9.770000	0.501007	0.000319
9.775000	0.500562	0.000331
9.780000	0.500250	0.000345
9.785000	0.500201	0.000359
9.790000	0.500556	0.000375
9.795000	0.501444	0.000390
9.800000	0.502945	0.000405
9.805000	0.505042	0.000418
9.810000	0.507596	0.000430
9.815000	0.510368	0.000439
9.820000	0.513055	0.000446
9.825000	0.515317	0.000449
9.830000	0.516813	0.000449
9.835000	0.517277	0.000447
9.840000	0.516591	0.000441
9.845000	0.514819	0.000434
9.850000	0.512159	0.000424
9.855000	0.508863	0.000414
9.860000	0.505202	0.000404
9.865000	0.501468	0.000395
9.870000	0.497970	0.000387
9.875000	0.494973	0.000380
9.880000	0.492635	0.000375
9.885000	0.490988	0.000373
9.890000	0.489981	0.000373
9.895000	0.489536	0.000375
9.900000	0.489599	0.000379
9.905000	0.490126	0.000384
9.910000	0.491047	0.000390
9.915000	0.492231	0.000396
9.920000	0.493493	0.000402
9.925000	0.494639	0.000408
9.930000	0.495509	0.000414
9.935000	0.496006	0.000420
9.940000	0.496102	0.000424
9.945000	0.495860	0.000429
9.950000	0.495437	0.000433
9.955000	0.495055	0.000436
9.960000	0.494923	0.000440
9.965000	0.495176	0.000443
9.970000	0.495860	0.000445
9.975000	0.496945	0.000447
9.980000	0.498340	0.000449
9.985000	0.499879	0.000450
9.990000	0.501350	0.000450
9.995000	0.502567	0.000448
