0	0.998847
0.005	0.994644
0.01	0.987415
0.015	0.977258
0.02	0.964311
0.025	0.948756
0.03	0.930820
0.035	0.910779
0.04	0.888958
0.045	0.865727
0.05	0.841498
0.055	0.816710
0.06	0.791806
0.065	0.767202
0.07	0.743262
0.075	0.720271
0.08	0.698427
0.085	0.677846
0.09	0.658562
0.095	0.640551
0.1	0.623741
0.105	0.608033
0.11	0.593312
0.115	0.579458
0.12	0.566357
0.125	0.553901
0.13	0.541994
0.135	0.530554
0.14	0.519508
0.145	0.508797
0.15	0.498373
0.155	0.488200
0.16	0.478256
0.165	0.468526
0.17	0.459010
0.175	0.449712
0.18	0.440646
0.185	0.431825
0.19	0.423264
0.195	0.414972
0.2	0.406958
0.205	0.399224
0.21	0.391770
0.215	0.384594
0.22	0.377687
0.225	0.371041
0.23	0.364638
0.235	0.358461
0.24	0.352489
0.245	0.346702
0.25	0.341082
0.255	0.333527
0.26	0.325752
0.265	0.317797
0.27	0.309712
0.275	0.301556
0.28	0.293388
0.285	0.285264
0.29	0.277236
0.295	0.269346
0.3	0.261633
0.305	0.254123
0.31	0.246840
0.315	0.239798
0.32	0.233010
0.325	0.226483
0.33	0.220221
0.335	0.214226
0.34	0.208492
0.345	0.203009
0.35	0.197766
0.355	0.192748
0.36	0.187944
0.365	0.183340
0.37	0.178927
0.375	0.174693
0.38	0.170626
0.385	0.166714
0.39	0.162943
0.395	0.159298
0.4	0.155769
0.405	0.152343
0.41	0.149010
0.415	0.145761
0.42	0.142585
0.425	0.139474
0.43	0.136420
0.435	0.133420
0.44	0.130471
0.445	0.127575
0.45	0.124734
0.455	0.121950
0.46	0.119227
0.465	0.116566
0.47	0.113968
0.475	0.111435
0.48	0.108966
0.485	0.106563
0.49	0.104228
0.495	0.101960
0.5	0.099760
0.505	0.097376
0.51	0.095014
0.515	0.092674
0.52	0.090356
0.525	0.088064
0.53	0.085800
0.535	0.083571
0.54	0.081384
0.545	0.079244
0.55	0.077155
0.555	0.075118
0.56	0.073132
0.565	0.071197
0.57	0.069313
0.575	0.067481
0.58	0.065706
0.585	0.063992
0.59	0.062342
0.595	0.060757
0.6	0.059234
0.605	0.057767
0.61	0.056348
0.615	0.054969
0.62	0.053625
0.625	0.052312
0.63	0.051027
0.635	0.049773
0.64	0.048554
0.645	0.047372
0.65	0.046233
0.655	0.045141
0.66	0.044097
0.665	0.043102
0.67	0.042158
0.675	0.041261
0.68	0.040408
0.685	0.039593
0.69	0.038808
0.695	0.038046
0.7	0.037298
0.705	0.036560
0.71	0.035827
0.715	0.035097
0.72	0.034371
0.725	0.033650
0.73	0.032937
0.735	0.032236
0.74	0.031546
0.745	0.030870
0.75	0.030204
0.755	0.029517
0.76	0.028829
0.765	0.028137
0.77	0.027439
0.775	0.026735
0.78	0.026027
0.785	0.025320
0.79	0.024618
0.795	0.023926
0.8	0.023248
0.805	0.022587
0.81	0.021942
0.815	0.021313
0.82	0.020699
0.825	0.020100
0.83	0.019512
0.835	0.018934
0.84	0.018362
0.845	0.017793
0.85	0.017225
0.855	0.016657
0.86	0.016092
0.865	0.015529
0.87	0.014972
0.875	0.014423
0.88	0.013884
0.885	0.013355
0.89	0.012839
0.895	0.012336
0.9	0.011849
0.905	0.011377
0.91	0.010923
0.915	0.010486
0.92	0.010066
0.925	0.009662
0.93	0.009272
0.935	0.008896
0.94	0.008533
0.945	0.008184
0.95	0.007849
0.955	0.007528
0.96	0.007222
0.965	0.006931
0.97	0.006656
0.975	0.006397
0.98	0.006155
0.985	0.005929
0.99	0.005717
0.995	0.005519
1	0.005334
1.005	0.005159
1.01	0.004994
1.015	0.004839
1.02	0.004693
1.025	0.004556
1.03	0.004427
1.035	0.004305
1.04	0.004189
1.045	0.004078
1.05	0.003969
1.055	0.003860
1.06	0.003750
1.065	0.003636
1.07	0.003520
1.075	0.003401
1.08	0.003280
1.085	0.003161
1.09	0.003043
1.095	0.002930
1.1	0.002821
1.105	0.002719
1.11	0.002622
1.115	0.002531
1.12	0.002444
1.125	0.002361
1.13	0.002282
1.135	0.002206
1.14	0.002134
1.145	0.002067
1.15	0.002004
1.155	0.001945
1.16	0.001890
1.165	0.001836
1.17	0.001783
1.175	0.001730
1.18	0.001674
1.185	0.001617
1.19	0.001557
1.195	0.001496
1.2	0.001434
1.205	0.001372
1.21	0.001312
1.215	0.001253
1.22	0.001197
1.225	0.001144
1.23	0.001094
1.235	0.001049
1.24	0.001010
1.245	0.000976
1.25	0.000948
1.255	0.000928
1.26	0.000915
1.265	0.000911
1.27	0.000915
1.275	0.000926
1.28	0.000944
1.285	0.000967
1.29	0.000994
1.295	0.001024
1.3	0.001055
1.305	0.001087
1.31	0.001118
1.315	0.001146
1.32	0.001171
1.325	0.001191
1.33	0.001207
1.335	0.001217
1.34	0.001221
1.345	0.001220
1.35	0.001213
1.355	0.001200
1.36	0.001183
1.365	0.001164
1.37	0.001142
1.375	0.001121
1.38	0.001100
1.385	0.001079
1.39	0.001060
1.395	0.001042
1.4	0.001024
1.405	0.001007
1.41	0.000990
1.415	0.000973
1.42	0.000956
1.425	0.000939
1.43	0.000922
1.435	0.000905
1.44	0.000890
1.445	0.000876
1.45	0.000863
1.455	0.000852
1.46	0.000843
1.465	0.000836
1.47	0.000830
1.475	0.000826
1.48	0.000825
1.485	0.000824
1.49	0.000825
1.495	0.000827
1.5	0.000831
1.505	0.000836
1.51	0.000841
1.515	0.000848
1.52	0.000855
1.525	0.000861
1.53	0.000866
1.535	0.000870
1.54	0.000870
1.545	0.000867
1.55	0.000862
1.555	0.000853
1.56	0.000842
1.565	0.000830
1.57	0.000816
1.575	0.000803
1.58	0.000790
1.585	0.000779
1.59	0.000770
1.595	0.000764
1.6	0.000761
1.605	0.000760
1.61	0.000761
1.615	0.000764
1.62	0.000769
1.625	0.000774
1.63	0.000780
1.635	0.000785
1.64	0.000789
1.645	0.000792
1.65	0.000793
1.655	0.000791
1.66	0.000787
1.665	0.000782
1.67	0.000774
1.675	0.000767
1.68	0.000760
1.685	0.000755
1.69	0.000752
1.695	0.000751
1.7	0.000753
1.705	0.000756
1.71	0.000761
1.715	0.000768
1.72	0.000776
1.725	0.000784
1.73	0.000792
1.735	0.000800
1.74	0.000807
1.745	0.000813
1.75	0.000817
1.755	0.000818
1.76	0.000816
1.765	0.000810
1.77	0.000800
1.775	0.000784
1.78	0.000764
1.785	0.000737
1.79	0.000706
1.795	0.000670
1.8	0.000630
1.805	0.000587
1.81	0.000541
1.815	0.000495
1.82	0.000448
1.825	0.000404
1.83	0.000362
1.835	0.000323
1.84	0.000289
1.845	0.000258
1.85	0.000231
1.855	0.000207
1.86	0.000186
1.865	0.000167
1.87	0.000150
1.875	0.000135
1.88	0.000123
1.885	0.000112
1.89	0.000103
1.895	0.000095
1.9	0.000088
1.905	0.000082
1.91	0.000076
1.915	0.000070
1.92	0.000064
1.925	0.000058
1.93	0.000051
1.935	0.000045
1.94	0.000038
1.945	0.000032
1.95	0.000025
1.955	0.000020
1.96	0.000015
1.965	0.000010
1.97	0.000007
1.975	0.000005
1.98	0.000004
1.985	0.000005
1.99	0.000007
1.995	0.000011
2	0.000016
2.005	0.000023
2.01	0.000032
2.015	0.000044
2.02	0.000057
2.025	0.000073
2.03	0.000091
2.035	0.000110
2.04	0.000130
2.045	0.000151
2.05	0.000171
2.055	0.000189
2.06	0.000205
2.065	0.000218
2.07	0.000228
2.075	0.000234
2.08	0.000236
2.085	0.000234
2.09	0.000230
2.095	0.000222
2.1	0.000212
2.105	0.000201
2.11	0.000188
2.115	0.000174
2.12	0.000161
2.125	0.000148
2.13	0.000135
2.135	0.000123
2.14	0.000113
2.145	0.000104
2.15	0.000096
2.155	0.000090
2.16	0.000084
2.165	0.000080
2.17	0.000077
2.175	0.000076
2.18	0.000075
2.185	0.000076
2.19	0.000078
2.195	0.000081
2.2	0.000084
2.205	0.000088
2.21	0.000093
2.215	0.000097
2.22	0.000100
2.225	0.000102
2.23	0.000104
2.235	0.000104
2.24	0.000103
2.245	0.000101
2.25	0.000098
2.255	0.000095
2.26	0.000091
2.265	0.000087
2.27	0.000083
2.275	0.000080
2.28	0.000076
2.285	0.000073
2.29	0.000071
2.295	0.000068
2.3	0.000067
2.305	0.000065
2.31	0.000064
2.315	0.000064
2.32	0.000064
2.325	0.000064
2.33	0.000065
2.335	0.000066
2.34	0.000068
2.345	0.000070
2.35	0.000071
2.355	0.000072
2.36	0.000073
2.365	0.000073
2.37	0.000073
2.375	0.000073
2.38	0.000071
2.385	0.000070
2.39	0.000067
2.395	0.000063
2.4	0.000058
2.405	0.000052
2.41	0.000046
2.415	0.000039
2.42	0.000033
2.425	0.000027
2.43	0.000021
2.435	0.000017
2.44	0.000013
2.445	0.000010
2.45	0.000008
2.455	0.000007
2.46	0.000006
2.465	0.000007
2.47	0.000008
2.475	0.000010
2.48	0.000012
2.485	0.000014
2.49	0.000016
2.495	0.000017
2.5	0.000019
2.505	0.000020
2.51	0.000021
2.515	0.000022
2.52	0.000022
2.525	0.000023
2.53	0.000024
2.535	0.000025
2.54	0.000028
2.545	0.000031
2.55	0.000035
2.555	0.000041
2.56	0.000049
2.565	0.000058
2.57	0.000070
2.575	0.000084
2.58	0.000100
2.585	0.000117
2.59	0.000135
2.595	0.000153
2.6	0.000171
2.605	0.000188
2.61	0.000204
2.615	0.000219
2.62	0.000233
2.625	0.000246
2.63	0.000256
2.635	0.000265
2.64	0.000271
2.645	0.000274
2.65	0.000273
2.655	0.000270
2.66	0.000263
2.665	0.000254
2.67	0.000241
2.675	0.000226
2.68	0.000208
2.685	0.000189
2.69	0.000169
2.695	0.000148
2.7	0.000127
2.705	0.000107
2.71	0.000088
2.715	0.000070
2.72	0.000054
2.725	0.000041
2.73	0.000030
2.735	0.000021
2.74	0.000014
2.745	0.000010
2.75	0.000007
2.755	0.000004
2.76	0.000003
2.765	0.000002
2.77	0.000001
2.775	0.000001
2.78	0.000000
2.785	0.000000
2.79	0.000000
2.795	0.000001
2.8	0.000001
2.805	0.000003
2.81	0.000005
2.815	0.000008
2.82	0.000013
2.825	0.000019
2.83	0.000027
2.835	