0	0.998430
0.005	0.992988
0.01	0.984095
0.015	0.972490
0.02	0.959148
0.025	0.945177
0.03	0.931687
0.035	0.919625
0.04	0.909635
0.045	0.901985
0.05	0.896594
0.055	0.893125
0.06	0.891114
0.065	0.890081
0.07	0.889608
0.075	0.889384
0.08	0.889212
0.085	0.889000
0.09	0.888738
0.095	0.888470
0.1	0.888276
0.105	0.888242
0.11	0.888441
0.115	0.888922
0.12	0.889692
0.125	0.890720
0.13	0.891941
0.135	0.893268
0.14	0.894607
0.145	0.895873
0.15	0.897002
0.155	0.897957
0.16	0.898739
0.165	0.899380
0.17	0.899937
0.175	0.900476
0.18	0.901056
0.185	0.901711
0.19	0.902445
0.195	0.903234
0.2	0.904032
0.205	0.904781
0.21	0.905425
0.215	0.905907
0.22	0.906177
0.225	0.906191
0.23	0.905922
0.235	0.905357
0.24	0.904507
0.245	0.903402
0.25	0.902090
0.255	0.899314
0.26	0.894937
0.265	0.889278
0.27	0.882765
0.275	0.875877
0.28	0.869080
0.285	0.862773
0.29	0.857234
0.295	0.852611
0.3	0.848911
0.305	0.846038
0.31	0.843820
0.315	0.842066
0.32	0.840597
0.325	0.839281
0.33	0.838045
0.335	0.836883
0.34	0.835853
0.345	0.835063
0.35	0.834641
0.355	0.834702
0.36	0.835314
0.365	0.836474
0.37	0.838110
0.375	0.840087
0.38	0.842238
0.385	0.844385
0.39	0.846365
0.395	0.848043
0.4	0.849324
0.405	0.850161
0.41	0.850552
0.415	0.850541
0.42	0.850211
0.425	0.849671
0.43	0.849046
0.435	0.848464
0.44	0.848041
0.445	0.847864
0.45	0.847985
0.455	0.848422
0.46	0.849162
0.465	0.850179
0.47	0.851440
0.475	0.852916
0.48	0.854575
0.485	0.856381
0.49	0.858283
0.495	0.860220
0.5	0.862126
0.505	0.863776
0.51	0.864426
0.515	0.864164
0.52	0.863162
0.525	0.861642
0.53	0.859832
0.535	0.857926
0.54	0.856067
0.545	0.854348
0.55	0.852832
0.555	0.851563
0.56	0.850567
0.565	0.849850
0.57	0.849399
0.575	0.849187
0.58	0.849173
0.585	0.849306
0.59	0.849540
0.595	0.849854
0.6	0.850255
0.605	0.850769
0.61	0.851430
0.615	0.852257
0.62	0.853239
0.625	0.854323
0.63	0.855416
0.635	0.856399
0.64	0.857143
0.645	0.857542
0.65	0.857528
0.655	0.857089
0.66	0.856265
0.665	0.855123
0.67	0.853729
0.675	0.852135
0.68	0.850366
0.685	0.848431
0.69	0.846348
0.695	0.844161
0.7	0.841941
0.705	0.839769
0.71	0.837707
0.715	0.835787
0.72	0.834020
0.725	0.832400
0.73	0.830918
0.735	0.829564
0.74	0.828328
0.745	0.827215
0.75	0.826241
0.755	0.825182
0.76	0.823964
0.765	0.822683
0.77	0.821446
0.775	0.820328
0.78	0.819344
0.785	0.818447
0.79	0.817559
0.795	0.816612
0.8	0.815587
0.805	0.814513
0.81	0.813451
0.815	0.812458
0.82	0.811574
0.825	0.810813
0.83	0.810183
0.835	0.809690
0.84	0.809341
0.845	0.809144
0.85	0.809094
0.855	0.809178
0.86	0.809386
0.865	0.809724
0.87	0.810200
0.875	0.810804
0.88	0.811478
0.885	0.812117
0.89	0.812591
0.895	0.812777
0.9	0.812608
0.905	0.812076
0.91	0.811223
0.915	0.810109
0.92	0.808797
0.925	0.807352
0.93	0.805845
0.935	0.804356
0.94	0.802979
0.945	0.801818
0.95	0.800966
0.955	0.800476
0.96	0.800356
0.965	0.800603
0.97	0.801219
0.975	0.802198
0.98	0.803511
0.985	0.805097
0.99	0.806880
0.995	0.808793
1	0.810797
1.005	0.812840
1.01	0.814780
1.015	0.816616
1.02	0.818330
1.025	0.819888
1.03	0.821247
1.035	0.822382
1.04	0.823303
1.045	0.824055
1.05	0.824701
1.055	0.825296
1.06	0.825866
1.065	0.826391
1.07	0.826823
1.075	0.827102
1.08	0.827188
1.085	0.827079
1.09	0.826809
1.095	0.826441
1.1	0.826039
1.105	0.825660
1.11	0.825346
1.115	0.825118
1.12	0.824990
1.125	0.824964
1.13	0.825042
1.135	0.825223
1.14	0.825497
1.145	0.825849
1.15	0.826247
1.155	0.826644
1.16	0.826988
1.165	0.827235
1.17	0.827353
1.175	0.827321
1.18	0.827130
1.185	0.826789
1.19	0.826349
1.195	0.825892
1.2	0.825515
1.205	0.825287
1.21	0.825228
1.215	0.825297
1.22	0.825412
1.225	0.825485
1.23	0.825449
1.235	0.825269
1.24	0.824939
1.245	0.824456
1.25	0.823802
1.255	0.822957
1.26	0.821903
1.265	0.820645
1.27	0.819225
1.275	0.817724
1.28	0.816246
1.285	0.814913
1.29	0.813843
1.295	0.813130
1.3	0.812834
1.305	0.812968
1.31	0.813504
1.315	0.814378
1.32	0.815498
1.325	0.816748
1.33	0.817992
1.335	0.819089
1.34	0.819924
1.345	0.820444
1.35	0.820658
1.355	0.820624
1.36	0.820420
1.365	0.820114
1.37	0.819744
1.375	0.819303
1.38	0.818738
1.385	0.817976
1.39	0.816959
1.395	0.815666
1.4	0.814119
1.405	0.812377
1.41	0.810520
1.415	0.808642
1.42	0.806828
1.425	0.805151
1.43	0.803658
1.435	0.802373
1.44	0.801302
1.445	0.800441
1.45	0.799772
1.455	0.799263
1.46	0.798879
1.465	0.798598
1.47	0.798417
1.475	0.798342
1.48	0.798376
1.485	0.798503
1.49	0.798688
1.495	0.798884
1.5	0.799041
1.505	0.799065
1.51	0.798883
1.515	0.798524
1.52	0.798056
1.525	0.797566
1.53	0.797143
1.535	0.796856
1.54	0.796746
1.545	0.796827
1.55	0.797090
1.555	0.797505
1.56	0.798031
1.565	0.798626
1.57	0.799259
1.575	0.799909
1.58	0.800567
1.585	0.801228
1.59	0.801886
1.595	0.802532
1.6	0.803154
1.605	0.803757
1.61	0.804381
1.615	0.805112
1.62	0.806067
1.625	0.807355
1.63	0.809033
1.635	0.811070
1.64	0.813338
1.645	0.815634
1.65	0.817719
1.655	0.819363
1.66	0.820375
1.665	0.820639
1.67	0.820133
1.675	0.818939
1.68	0.817224
1.685	0.815209
1.69	0.813129
1.695	0.811187
1.7	0.809521
1.705	0.808195
1.71	0.807220
1.715	0.806578
1.72	0.806235
1.725	0.806143
1.73	0.806233
1.735	0.806437
1.74	0.806701
1.745	0.806996
1.75	0.807312
1.755	0.807650
1.76	0.808017
1.765	0.808422
1.77	0.808864
1.775	0.809334
1.78	0.809812
1.785	0.810269
1.79	0.810680
1.795	0.811033
1.8	0.811346
1.805	0.811656
1.81	0.812003
1.815	0.812389
1.82	0.812769
1.825	0.813065
1.83	0.813196
1.835	0.813112
1.84	0.812802
1.845	0.812307
1.85	0.811703
1.855	0.811080
1.86	0.810512
1.865	0.810035
1.87	0.809643
1.875	0.809284
1.88	0.808875
1.885	0.808317
1.89	0.807523
1.895	0.806451
1.9	0.805109
1.905	0.803558
1.91	0.801900
1.915	0.800257
1.92	0.798757
1.925	0.797511
1.93	0.796605
1.935	0.796095
1.94	0.796005
1.945	0.796320
1.95	0.796981
1.955	0.797902
1.96	0.798979
1.965	0.800119
1.97	0.801253
1.975	0.802339
1.98	0.803359
1.985	0.804299
1.99	0.805128
1.995	0.805784
2	0.806194
2.005	0.806327
2.01	0.806193
2.015	0.805817
2.02	0.805269
2.025	0.804639
2.03	0.804011
2.035	0.803456
2.04	0.803045
2.045	0.802869
2.05	0.803034
2.055	0.803644
2.06	0.804769
2.065	0.806423
2.07	0.808543
2.075	0.810989
2.08	0.813566
2.085	0.816061
2.09	0.818298
2.095	0.820159
2.1	0.821604
2.105	0.822659
2.11	0.823399
2.115	0.823930
2.12	0.824373
2.125	0.824851
2.13	0.825487
2.135	0.826387
2.14	0.827631
2.145	0.829255
2.15	0.831232
2.155	0.833468
2.16	0.835824
2.165	0.838140
2.17	0.840268
2.175	0.842087
2.18	0.843511
2.185	0.844496
2.19	0.845042
2.195	0.845193
2.2	0.845021
2.205	0.844607
2.21	0.844011
2.215	0.843261
2.22	0.842350
2.225	0.841256
2.23	0.839965
2.235	0.838500
2.24	0.836925
2.245	0.835337
2.25	0.833837
2.255	0.832461
2.26	0.831208
2.265	0.830037
2.27	0.828897
2.275	0.827769
2.28	0.826698
2.285	0.825782
2.29	0.825146
2.295	0.824905
2.3	0.825119
2.305	0.825768
2.31	0.826751
2.315	0.827913
2.32	0.829101
2.325	0.830199
2.33	0.831141
2.335	0.831906
2.34	0.832495
2.345	0.832913
2.35	0.833160
2.355	0.833232
2.36	0.833115
2.365	0.832783
2.37	0.832204
2.375	0.831362
2.38	0.830290
2.385	0.829066
2.39	0.827791
2.395	0.826548
2.4	0.825399
2.405	0.824383
2.41	0.823517
2.415	0.822788
2.42	0.822166
2.425	0.821623
2.43	0.821138
2.435	0.820695
2.44	0.820271
2.445	0.819838
2.45	0.819377
2.455	0.818907
2.46	0.818484
2.465	0.818170
2.47	0.817987
2.475	0.817893
2.48	0.817792
2.485	0.817578
2.49	0.817170
2.495	0.816549
2.5	0.815762
2.505	0.814887
2.51	0.814029
2.515	0.813299
2.52	0.812789
2.525	0.812573
2.53	0.812704
2.535	0.813208
2.54	0.814076
2.545	0.815261
2.55	0.816690
2.555	0.818276
2.56	0.819929
2.565	0.821574
2.57	0.823149
2.575	0.824598
2.58	0.825861
2.585	0.826867
2.59	0.827553
2.595	0.827897
2.6	0.827940
2.605	0.827782
2.61	0.827555
2.615	0.827377
2.62	0.827327
2.625	0.827432
2.63	0.827681
2.635	0.828043
2.64	0.828496
2.645	0.829035
2.65	0.829664
2.655	0.830364
2.66	0.831066
2.665	0.831659
2.67	0.832043
2.675	0.832171
2.68	0.832070
2.685	0.831816
2.69	0.831503
2.695	0.831202
2.7	0.830944
2.705	0.830708
2.71	0.830441
2.715	0.830077
2.72	0.829566
2.725	0.828873
2.73	0.827975
2.735	0.826850
2.74	0.825472
2.745	0.823815
2.75	0.821881
2.755	0.819745
2.76	0.817522
2.765	0.815351
2.77	0.813377
2.775	0.811726
2.78	0.810486
2.785	0.809693
2.79	0.809330
2.795	0.809333
2.8	0.809609
2.805	0.810061
2.81	0.810600
2.815	0.811155
2.82	0.811680
2.825	0.812152
2.83	0.812575
2.835	0.812983
2.84	0.813440
2.845	0.814028
2.85	0.814827
2.855	0.815895
2.86	0.817252
2.865	0.818869
2.87	0.820666
2.875	0.822530
2.88	0.824349
2.885	0.826040
2.89	0.827561
2.895	0.828919
2.9	0.830146
2.905	0.831288
2.91	0.832370
2.915	0.833379
2.92	0.834267
2.925	0.834961
2.93	0.835392
2.935	0.835512
2.94	0.835298
2.945	0.834749
2.95	0.833875
2.955	0.832704
2.96	0.831283
2.965	0.829690
2.97	0.828018
2.975	0.826347
2.98	0.824731
2.985	0.823194
2.99	0.821744
2.995	0.820382
3	0.819119
3.005	0.817900
3.01	0.816722
3.015	0.815609
3.02	0.814551
3.025	0.813488
3.03	0.812345
3.035	0.811067
3.04	0.809656
3.045	0.808178
3.05	0.806742
3.055	0.805474
3.06	0.804485
3.065	0.803848
3.07	0.803593
3.075	0.803703
3.08	0.804130
3.085	0.804807
3.09	0.805659
3.095	0.806608
3.1	0.807561
3.105	0.808417
3.11	0.809090
3.115	0.809518
3.12	0.809675
3.125	0.809572
3.13	0.809259
3.135	0.808827
3.14	0.808398
3.145	0.808093
3.15	0.808001
3.155	0.808155
3.16	0.808522
3.165	0.809027
3.17	0.809564
3.175	0.810016
3.18	0.810272
3.185	0.810242
3.19	0.809862
3.195	0.809108
3.2	0.807998
3.205	0.806599
3.21	0.805022
3.215	0.803399
3.22	0.801860
3.225	0.800507
3.23	0.799407
3.235	0.798591
3.24	0.798068
3.245	0.797836
3.25	0.797902
3.255	0.798290
3.26	0.799036
3.265	0.800154
3.27	0.801618
3.275	0.803348
3.28	0.805225
3.285	0.807116
3.29	0.808900
3.295	0.810491
3.3	0.811832
3.305	0.812885
3.31	0.813621
3.315	0.814012
3.32	0.814038
3.325	0.813698
3.33	0.813005
3.335	0.811980
3.34	0.810636
3.345	0.808974
3.35	0.807009
3.355	0.804790
3.36	0.802412
3.365	0.799993
3.37	0.797653
3.375	0.795502
3.38	0.793649
3.385	0.792203
3.39	0.791260
3.395	0.790877
3.4	0.791056
3.405	0.791748
3.41	0.792863
3.415	0.794296
3.42	0.795944
3.425	0.797730
3.43	0.799608
3.435	0.801559
3.44	0.803568
3.445	0.805604
3.45	0.807608
3.455	0.809507
3.46	0.811231
3.465	0.812730
3.47	0.813984
3.475	0.814997
3.48	0.815781
3.485	0.816331
3.49	0.816613
3.495	0.816580
3.5	0.816214
3.505	0.815592
3.51	0.814857
3.515	0.814164
3.52	0.813647
3.525	0.813365
3.53	0.813296
3.535	0.813370
3.54	0.813521
3.545	0.813724
3.55	0.813991
3.555	0.814358
3.56	0.814853
3.565	0.815474
3.57	0.816183
3.575	0.816910
3.58	0.817570
3.585	0.818080
3.59	0.818354
3.595	0.818301
3.6	0.817841
3.605	0.816925
3.61	0.815548
3.615	0.813751
3.62	0.811631
3.625	0.809340
3.63	0.807085
3.635	0.805106
3.64	0.803642
3.645	0.802890
3.65	0.802984
3.655	0.803984
3.66	0.805877
3.665	0.808590
3.67	0.811986
3.675	0.815876
3.68	0.820032
3.685	0.824211
3.69	0.828191
3.695	0.831784
3.7	0.834859
3.705	0.837337
3.71	0.839181
3.715	0.840376
3.72	0.840916
3.725	0.840807
3.73	0.840074
3.735	0.838776
3.74	0.836997
3.745	0.834833
3.75	0.832381
3.755	0.829715
3.76	0.826922
3.765	0.824101
3.77	0.821366
3.775	0.818843
3.78	0.816654
3.785	0.814903
3.79	0.813645
3.795	0.812877
3.8	0.812528
3.805	0.812474
3.81	0.812565
3.815	0.812659
3.82	0.812649
3.825	0.812464
3.83	0.812052
3.835	0.811364
3.84	0.810348
3.845	0.808960
3.85	0.807193
3.855	0.805108
3.86	0.802832
3.865	0.800532
3.87	0.798381
3.875	0.796526
3.88	0.795075
3.885	0.794079
3.89	0.793534
3.895	0.793386
3.9	0.793561
3.905	0.793989
3.91	0.794628
3.915	0.795463
3.92	0.796501
3.925	0.797756
3.93	0.799235
3.935	0.800913
3.94	0.802715
3.945	0.804536
3.95	0.806261
3.955	0.807783
3.96	0.809008
3.965	0.809863
3.97	0.810324
3.975	0.810436
3.98	0.810314
3.985	0.810118
3.99	0.810011
3.995	0.810133
4	0.810584
4.005	0.811424
4.01	0.812683
4.015	0.814355
4.02	0.816366
4.025	0.818564
4.03	0.820757
4.035	0.822771
4.04	0.824502
4.045	0.825929
4.05	0.827105
4.055	0.828125
4.06	0.829090
4.065	0.830066
4.07	0.831063
4.075	0.832028
4.08	0.832872
4.085	0.833493
4.09	0.833808
4.095	0.833757
4.1	0.833320
4.105	0.832515
4.11	0.831407
4.115	0.830094
4.12	0.828695
4.125	0.827324
4.13	0.826064
4.135	0.824954
4.14	0.823989
4.145	0.823146
4.15	0.822399
4.155	0.821742
4.16	0.821199
4.165	0.820824
4.17	0.820676
4.175	0.820792
4.18	0.821171
4.185	0.821774
4.19	0.822520
4.195	0.823290
4.2	0.823941
4.205	0.824367
4.21	0.824539
4.215	0.824514
4.22	0.824403
4.225	0.824325
4.23	0.824368
4.235	0.824554
4.24	0.824837
4.245	0.825120
4.25	0.825299
4.255	0.825317
4.26	0.825153
4.265	0.824794
4.27	0.824252
4.275	0.823551
4.28	0.822717
4.285	0.821771
4.29	0.820719
4.295	0.819547
4.3	0.818232
4.305	0.816763
4.31	0.815159
4.315	0.813472
4.32	0.811764
4.325	0.810076
4.33	0.808414
4.335	0.806763
4.34	0.805115
4.345	0.803491
4.35	0.801934
4.355	0.800485
4.36	0.799177
4.365	0.798052
4.37	0.797170
4.375	0.796605
4.38	0.796427
4.385	0.796689
4.39	0.797437
4.395	0.798686
4.4	0.800407
4.405	0.802517
4.41	0.804885
4.415	0.807356
4.42	0.809796
4.425	0.812127
4.43	0.814329
4.435	0.816415
4.44	0.818391
4.445	0.820248
4.45	0.821972
4.455	0.823555
4.46	0.825005
4.465	0.826338
4.47	0.827563
4.475	0.828669
4.48	0.829623
4.485	0.830382
4.49	0.830894
4.495	0.831115
4.5	0.831016
4.505	0.830651
4.51	0.830108
4.515	0.829448
4.52	0.828723
4.525	0.827946
4.53	0.827111
4.535	0.826222
4.54	0.825309
4.545	0.824422
4.55	0.823595
4.555	0.822837
4.56	0.822141
4.565	0.821504
4.57	0.820942
4.575	0.820488
4.58	0.820156
4.585	0.819920
4.59	0.819720
4.595	0.819500
4.6	0.819221
4.605	0.818842
4.61	0.818319
4.615	0.817607
4.62	0.816679
4.625	0.815544
4.63	0.814250
4.635	0.812871
4.64	0.811493
4.645	0.810185
4.65	0.808999
4.655	0.807966
4.66	0.807102
4.665	0.806423
4.67	0.805953
4.675	0.805727
4.68	0.805768
4.685	0.806070
4.69	0.806586
4.695	0.807241
4.7	0.807952
4.705	0.808648
4.71	0.809288
4.715	0.809875
4.72	0.810450
4.725	0.811075
4.73	0.811805
4.735	0.812671
4.74	0.813679
4.745	0.814809
4.75	0.816015
4.755	0.817250
4.76	0.818481
4.765	0.819618
4.77	0.820574
4.775	0.821280
4.78	0.821690
4.785	0.821787
4.79	0.821575
4.795	0.821072
4.8	0.820305
4.805	0.819309
4.81	0.818120
4.815	0.816776
4.82	0.815324
4.825	0.813830
4.83	0.812391
4.835	0.811134
4.84	0.810191
4.845	0.809667
4.85	0.809607
4.855	0.809992
4.86	0.810753
4.865	0.811788
4.87	0.812981
4.875	0.814236
4.88	0.815484
4.885	0.816694
4.89	0.817850
4.895	0.818941
4.9	0.819943
4.905	0.820822
4.91	0.821540
4.915	0.822082
4.92	0.822479
4.925	0.822813
4.93	0.823183
4.935	0.823660
4.94	0.824252
4.945	0.824909
4.95	0.825551
4.955	0.826094
4.96	0.826459
4.965	0.826580
4.97	0.826406
4.975	0.825910
4.98	0.825100
4.985	0.824016
4.99	0.822722
4.995	0.821287
5	0.819771
5.005	0.818222
5.01	0.816686
5.015	0.815215
5.02	0.813877
5.025	0.812756
5.03	0.811938
5.035	0.811480
5.04	0.811390
5.045	0.811627
5.05	0.812109
5.055	0.812739
5.06	0.813421
5.065	0.814088
5.07	0.814721
5.075	0.815344
5.08	0.816007
5.085	0.816752
5.09	0.817595
5.095	0.818518
5.1	0.819487
5.105	0.820458
5.11	0.821391
5.115	0.822248
5.12	0.822997
5.125	0.823594
5.13	0.823986
5.135	0.824112
5.14	0.823913
5.145	0.823365
5.15	0.822479
5.155	0.821300
5.16	0.819886
5.165	0.818305
5.17	0.816634
5.175	0.814947
5.18	0.813294
5.185	0.811711
5.19	0.810222
5.195	0.808865
5.2	0.807701
5.205	0.806813
5.21	0.806279
5.215	0.806146
5.22	0.806407
5.225	0.806988
5.23	0.807761
5.235	0.808565
5.24	0.809236
5.245	0.809643
5.25	0.809716
5.255	0.809455
5.26	0.808922
5.265	0.808212
5.27	0.807416
5.275	0.806597
5.28	0.805786
5.285	0.805001
5.29	0.804273
5.295	0.803648
5.3	0.803180
5.305	0.802907
5.31	0.802832
5.315	0.802937
5.32	0.803192
5.325	0.803579
5.33	0.804073
5.335	0.804616
5.34	0.805115
5.345	0.805466
5.35	0.805594
5.355	0.805489
5.36	0.805215
5.365	0.804902
5.37	0.804713
5.375	0.804798
5.38	0.805252
5.385	0.806102
5.39	0.807305
5.395	0.808762
5.4	0.810333
5.405	0.811847
5.41	0.813136
5.415	0.814057
5.42	0.814527
5.425	0.814533
5.43	0.814131
5.435	0.813421
5.44	0.812509
5.445	0.811469
5.45	0.810327
5.455	0.809068
5.46	0.807660
5.465	0.806070
5.47	0.804296
5.475	0.802384
5.48	0.800449
5.485	0.798650
5.49	0.797147
5.495	0.796051
5.5	0.795397
5.505	0.795149
5.51	0.795234
5.515	0.795571
5.52	0.796092
5.525	0.796749
5.53	0.797496
5.535	0.798287
5.54	0.799072
5.545	0.799811
5.55	0.800474
5.555	0.801046
5.56	0.801530
5.565	0.801961
5.57	0.802414
5.575	0.802989
5.58	0.803788
5.585	0.804870
5.59	0.806230
5.595	0.807792
5.6	0.809421
5.605	0.810942
5.61	0.812161
5.615	0.812905
5.62	0.813065
5.625	0.812639
5.63	0.811743
5.635	0.810587
5.64	0.809432
5.645	0.808535
5.65	0.808096
5.655	0.808217
5.66	0.808880
5.665	0.809970
5.67	0.811316
5.675	0.812749
5.68	0.814131
5.685	0.815370
5.69	0.816418
5.695	0.817268
5.7	0.817946
5.705	0.818493
5.71	0.818944
5.715	0.819287
5.72	0.819457
5.725	0.819379
5.73	0.819007
5.735	0.818340
5.74	0.817406
5.745	0.816244
5.75	0.814901
5.755	0.813435
5.76	0.811922
5.765	0.810448
5.77	0.809100
5.775	0.807947
5.78	0.807040
5.785	0.806418
5.79	0.806116
5.795	0.806176
5.8	0.806626
5.805	0.807466
5.81	0.808648
5.815	0.810077
5.82	0.811635
5.825	0.813219
5.83	0.814759
5.835	0.816235
5.84	0.817666
5.845	0.819086
5.85	0.820506
5.855	0.821900
5.86	0.823204
5.865	0.824352
5.87	0.825292
5.875	0.826006
5.88	0.826491
5.885	0.826750
5.89	0.826781
5.895	0.826576
5.9	0.826126
5.905	0.825444
5.91	0.824569
5.915	0.823570
5.92	0.822528
5.925	0.821511
5.93	0.820554
5.935	0.819645
5.94	0.818735
5.945	0.817762
5.95	0.816684
5.955	0.815498
5.96	0.814248
5.965	0.813014
5.97	0.811873
5.975	0.810881
5.98	0.810052
5.985	0.809375
5.99	0.808830
5.995	0.808399
6	0.808068
6.005	0.807816
6.01	0.807605
6.015	0.807374
6.02	0.807050
6.025	0.806572
6.03	0.805908
6.035	0.805067
6.04	0.804095
6.045	0.803050
6.05	0.801988
6.055	0.800958
6.06	0.800001
6.065	0.799154
6.07	0.798437
6.075	0.797862
6.08	0.797439
6.085	0.797183
6.09	0.797105
6.095	0.797192
6.1	0.797396
6.105	0.797629
6.11	0.797793
6.115	0.797814
6.12	0.797663
6.125	0.797358
6.13	0.796937
6.135	0.796442
6.14	0.795906
6.145	0.795363
6.15	0.794859
6.155	0.794457
6.16	0.794232
6.165	0.794254
6.17	0.794588
6.175	0.795283
6.18	0.796373
6.185	0.797865
6.19	0.799727
6.195	0.801887
6.2	0.804238
6.205	0.806652
6.21	0.808983
6.215	0.811081
6.22	0.812800
6.225	0.814028
6.23	0.814701
6.235	0.814818
6.24	0.814446
6.245	0.813712
6.25	0.812781
6.255	0.811818
6.26	0.810939
6.265	0.810195
6.27	0.809575
6.275	0.809040
6.28	0.808555
6.285	0.808098
6.29	0.807662
6.295	0.807242
6.3	0.806840
6.305	0.806467
6.31	0.806152
6.315	0.805939
6.32	0.805884
6.325	0.806049
6.33	0.806487
6.335	0.807246
6.34	0.808365
6.345	0.809858
6.35	0.811689
6.355	0.813769
6.36	0.815966
6.365	0.818155
6.37	0.820257
6.375	0.822266
6.38	0.824229
6.385	0.826210
6.39	0.828239
6.395	0.830292
6.4	0.832302
6.405	0.834160
6.41	0.835733
6.415	0.836890
6.42	0.837537
6.425	0.837621
6.43	0.837131
6.435	0.836096
6.44	0.834600
6.445	0.832783
6.45	0.830831
6.455	0.828948
6.46	0.827321
6.465	0.826078
6.47	0.825265
6.475	0.824834
6.48	0.824656
6.485	0.824558
6.49	0.824374
6.495	0.823983
6.5	0.823340
6.505	0.822463
6.51	0.821424
6.515	0.820316
6.52	0.819219
6.525	0.818182
6.53	0.817217
6.535	0.816312
6.54	0.815444
6.545	0.814601
6.55	0.813806
6.555	0.813131
6.56	0.812685
6.565	0.812579
6.57	0.812881
6.575	0.813575
6.58	0.814560
6.585	0.815661
6.59	0.816686
6.595	0.817469
6.6	0.817909
6.605	0.817968
6.61	0.817664
6.615	0.817053
6.62	0.816212
6.625	0.815223
6.63	0.814165
6.635	0.813103
6.64	0.812098
6.645	0.811201
6.65	0.810464
6.655	0.809931
6.66	0.809634
6.665	0.809578
6.67	0.809747
6.675	0.810119
6.68	0.810658
6.685	0.811295
6.69	0.811930
6.695	0.812459
6.7	0.812809
6.705	0.812961
6.71	0.812944
6.715	0.812836
6.72	0.812751
6.725	0.812818
6.73	0.813149
6.735	0.813806
6.74	0.814790
6.745	0.816051
6.75	0.817495
6.755	0.819006
6.76	0.820470
6.765	0.821796
6.77	0.822930
6.775	0.823852
6.78	0.824562
6.785	0.825065
6.79	0.825365
6.795	0.825473
6.8	0.825425
6.805	0.825292
6.81	0.825156
6.815	0.825091
6.82	0.825129
6.825	0.825250
6.83	0.825385
6.835	0.825433
6.84	0.825295
6.845	0.824910
6.85	0.824257
6.855	0.823370
6.86	0.822328
6.865	0.821254
6.87	0.820294
6.875	0.819591
6.88	0.819251
6.885	0.819324
6.89	0.819795
6.895	0.820585
6.9	0.821576
6.905	0.822634
6.91	0.823650
6.915	0.824561
6.92	0.825359
6.925	0.826076
6.93	0.826777
6.935	0.827546
6.94	0.828470
6.945	0.829621
6.95	0.831031
6.955	0.832676
6.96	0.834486
6.965	0.836371
6.97	0.838248
6.975	0.840068
6.98	0.841814
6.985	0.843486
6.99	0.845063
6.995	0.846483
7	0.847645
7.005	0.848428
7.01	0.848718
7.015	0.848430
7.02	0.847524
7.025	0.846022
7.03	0.844019
7.035	0.841674
7.04	0.839192
7.045	0.836779
7.05	0.834611
7.055	0.832807
7.06	0.831422
7.065	0.830458
7.07	0.829876
7.075	0.829616
7.08	0.829600
7.085	0.829733
7.09	0.829918
7.095	0.830065
7.1	0.830108
7.105	0.830003
7.11	0.829733
7.115	0.829311
7.12	0.828763
7.125	0.828105
7.13	0.827329
7.135	0.826416
7.14	0.825352
7.145	0.824141
7.15	0.822803
7.155	0.821370
7.16	0.819887
7.165	0.818410
7.17	0.817013
7.175	0.815789
7.18	0.814852
7.185	0.814315
7.19	0.814262
7.195	0.814717
7.2	0.815628
7.205	0.816884
7.21	0.818341
7.215	0.819858
7.22	0.821324
7.225	0.822661
7.23	0.823829
7.235	0.824814
7.24	0.825618
7.245	0.826235
7.25	0.826644
7.255	0.826816
7.26	0.826716
7.265	0.826322
7.27	0.825637
7.275	0.824712
7.28	0.823654
7.285	0.822607
7.29	0.821712
7.295	0.821088
7.3	0.820815
7.305	0.820920
7.31	0.821367
7.315	0.822046
7.32	0.822790
7.325	0.823420
7.33	0.823791
7.335	0.823844
7.34	0.823622
7.345	0.823257
7.35	0.822917
7.355	0.822746
7.36	0.822831
7.365	0.823199
7.37	0.823828
7.375	0.824651
7.38	0.825566
7.385	0.826460
7.39	0.827235
7.395	0.827834
7.4	0.828249
7.405	0.828514
7.41	0.828675
7.415	0.828763
7.42	0.828790
7.425	0.828748
7.43	0.828627
7.435	0.828424
7.44	0.828162
7.445	0.827893
7.45	0.827698
7.455	0.827658
7.46	0.827833
7.465	0.828231
7.47	0.828802
7.475	0.829462
7.48	0.830132
7.485	0.830762
7.49	0.831337
7.495	0.831867
7.5	0.832373
7.505	0.832872
7.51	0.833367
7.515	0.833846
7.52	0.834281
7.525	0.834627
7.53	0.834832
7.535	0.834859
7.54	0.834702
7.545	0.834407
7.55	0.834065
7.555	0.833781
7.56	0.833637
7.565	0.833668
7.57	0.833855
7.575	0.834138
7.58	0.834429
7.585	0.834634
7.59	0.834656
7.595	0.834408
7.6	0.833822
7.605	0.832854
7.61	0.831495
7.615	0.829763
7.62	0.827700
7.625	0.825371
7.63	0.822863
7.635	0.820292
7.64	0.817795
7.645	0.815514
7.65	0.813564
7.655	0.812023
7.66	0.810914
7.665	0.810215
7.67	0.809864
7.675	0.809767
7.68	0.809808
7.685	0.809869
7.69	0.809859
7.695	0.809728
7.7	0.809478
7.705	0.809145
7.71	0.808777
7.715	0.808414
7.72	0.808088
7.725	0.807815
7.73	0.807599
7.735	0.807434
7.74	0.807310
7.745	0.807212
7.75	0.807125
7.755	0.807028
7.76	0.806893
7.765	0.806697
7.77	0.806429
7.775	0.806103
7.78	0.805753
7.785	0.805428
7.79	0.805174
7.795	0.805011
7.8	0.804918
7.805	0.804830
7.81	0.804661
7.815	0.804335
7.82	0.803816
7.825	0.803137
7.83	0.802402
7.835	0.801759
7.84	0.801361
7.845	0.801309
7.85	0.801627
7.855	0.802272
7.86	0.803165
7.865	0.804211
7.87	0.805320
7.875	0.806416
7.88	0.807448
7.885	0.808403
7.89	0.809294
7.895	0.810159
7.9	0.811041
7.905	0.811971
7.91	0.812943
7.915	0.813916
7.92	0.814821
7.925	0.815573
7.93	0.816082
7.935	0.816273
7.94	0.816107
7.945	0.815606
7.95	0.814861
7.955	0.814015
7.96	0.813228
7.965	0.812637
7.97	0.812325
7.975	0.812316
7.98	0.812566
7.985	0.812985
7.99	0.813458
7.995	0.813876
8	0.814146
8.005	0.814197
8.01	0.814001
8.015	0.813574
8.02	0.812993
8.025	0.812377
8.03	0.811868
8.035	0.811596
8.04	0.811660
8.045	0.812107
8.05	0.812923
8.055	0.814045
8.06	0.815385
8.065	0.816861
8.07	0.818411
8.075	0.819993
8.08	0.821576
8.085	0.823139
8.09	0.824671
8.095	0.826189
8.1	0.827741
8.105	0.829403
8.11	0.831256
8.115	0.833359
8.12	0.835717
8.125	0.838279
8.13	0.840930
8.135	0.843506
8.14	0.845817
8.145	0.847695
8.15	0.849030
8.155	0.849781
8.16	0.849965
8.165	0.849618
8.17	0.848767
8.175	0.847420
8.18	0.845585
8.185	0.843285
8.19	0.840576
8.195	0.837557
8.2	0.834367
8.205	0.831175
8.21	0.828162
8.215	0.825500
8.22	0.823331
8.225	0.821759
8.23	0.820847
8.235	0.820619
8.24	0.821049
8.245	0.822042
8.25	0.823424
8.255	0.824958
8.26	0.826380
8.265	0.827447
8.27	0.827985
8.275	0.827928
8.28	0.827339
8.285	0.826386
8.29	0.825268
8.295	0.824148
8.3	0.823149
8.305	0.822365
8.31	0.821880
8.315	0.821775
8.32	0.822121
8.325	0.822967
8.33	0.824320
8.335	0.826116
8.34	0.828223
8.345	0.830471
8.35	0.832697
8.355	0.834769
8.36	0.836588
8.365	0.838096
8.37	0.839272
8.375	0.840123
8.38	0.840672
8.385	0.840957
8.39	0.841028
8.395	0.840948
8.4	0.840784
8.405	0.840589
8.41	0.840376
8.415	0.840104
8.42	0.839702
8.425	0.839107
8.43	0.838284
8.435	0.837233
8.44	0.835975
8.445	0.834537
8.45	0.832935
8.455	0.831168
8.46	0.829230
8.465	0.827116
8.47	0.824832
8.475	0.822401
8.48	0.819868
8.485	0.817308
8.49	0.814827
8.495	0.812554
8.5	0.810634
8.505	0.809195
8.51	0.808317
8.515	0.808001
8.52	0.808160
8.525	0.808624
8.53	0.809181
8.535	0.809621
8.54	0.809787
8.545	0.809600
8.55	0.809056
8.555	0.808218
8.56	0.807202
8.565	0.806158
8.57	0.805236
8.575	0.804556
8.58	0.804178
8.585	0.804101
8.59	0.804280
8.595	0.804658
8.6	0.805181
8.605	0.805810
8.61	0.806505
8.615	0.807224
8.62	0.807931
8.625	0.808602
8.63	0.809219
8.635	0.809760
8.64	0.810196
8.645	0.810502
8.65	0.810665
8.655	0.810686
8.66	0.810576
8.665	0.810355
8.67	0.810070
8.675	0.809802
8.68	0.809650
8.685	0.809714
8.69	0.810067
8.695	0.810743
8.7	0.811726
8.705	0.812964
8.71	0.814381
8.715	0.815902
8.72	0.817470
8.725	0.819045
8.73	0.820590
8.735	0.822050
8.74	0.823352
8.745	0.824405
8.75	0.825120
8.755	0.825421
8.76	0.825263
8.765	0.824643
8.77	0.823600
8.775	0.822225
8.78	0.820657
8.785	0.819074
8.79	0.817668
8.795	0.816615
8.8	0.816042
8.805	0.816011
8.81	0.816522
8.815	0.817526
8.82	0.818930
8.825	0.820619
8.83	0.822456
8.835	0.824294
8.84	0.825983
8.845	0.827399
8.85	0.828476
8.855	0.829201
8.86	0.829601
8.865	0.829726
8.87	0.829625
8.875	0.829342
8.88	0.828919
8.885	0.828392
8.89	0.827800
8.895	0.827178
8.9	0.826572
8.905	0.826036
8.91	0.825625
8.915	0.825380
8.92	0.825310
8.925	0.825378
8.93	0.825509
8.935	0.825613
8.94	0.825613
8.945	0.825466
8.95	0.825171
8.955	0.824769
8.96	0.824327
8.965	0.823928
8.97	0.823656
8.975	0.823582
8.98	0.823750
8.985	0.824159
8.99	0.824761
8.995	0.825478
9	0.826213
9.005	0.826872
9.01	0.827389
9.015	0.827747
9.02	0.827996
9.025	0.828219
9.03	0.828490
9.035	0.828842
9.04	0.829270
9.045	0.829754
9.05	0.830278
9.055	0.830837
9.06	0.831438
9.065	0.832090
9.07	0.832802
9.075	0.833567
9.08	0.834355
9.085	0.835111
9.09	0.835743
9.095	0.836138
9.1	0.836182
9.105	0.835790
9.11	0.834931
9.115	0.833637
9.12	0.831998
9.125	0.830143
9.13	0.828213
9.135	0.826339
9.14	0.824623
9.145	0.823129
9.15	0.821873
9.155	0.820827
9.16	0.819932
9.165	0.819123
9.17	0.818351
9.175	0.817583
9.18	0.816795
9.185	0.815958
9.19	0.815044
9.195	0.814043
9.2	0.812973
9.205	0.811874
9.21	0.810795
9.215	0.809783
9.22	0.808878
9.225	0.808113
9.23	0.807515
9.235	0.807094
9.24	0.806825
9.245	0.806653
9.25	0.806497
9.255	0.806284
9.26	0.805969
9.265	0.805570
9.27	0.805177
9.275	0.804929
9.28	0.804971
9.285	0.805421
9.29	0.806350
9.295	0.807775
9.3	0.809660
9.305	0.811911
9.31	0.814382
9.315	0.816896
9.32	0.819271
9.325	0.821350
9.33	0.823014
9.335	0.824203
9.34	0.824935
9.345	0.825305
9.35	0.825468
9.355	0.825595
9.36	0.825832
9.365	0.826267
9.37	0.826915
9.375	0.827733
9.38	0.828637
9.385	0.829525
9.39	0.830279
9.395	0.830779
9.4	0.830931
9.405	0.830694
9.41	0.830089
9.415	0.829186
9.42	0.828063
9.425	0.826791
9.43	0.825426
9.435	0.824015
9.44	0.822598
9.445	0.821220
9.45	0.819938
9.455	0.818823
9.46	0.817940
9.465	0.817339
9.47	0.817034
9.475	0.817007
9.48	0.817210
9.485	0.817581
9.49	0.818052
9.495	0.818551
9.5	0.819013
9.505	0.819386
9.51	0.819645
9.515	0.819790
9.52	0.819838
9.525	0.819812
9.53	0.819730
9.535	0.819591
9.54	0.819376
9.545	0.819068
9.55	0.818675
9.555	0.818234
9.56	0.817802
9.565	0.817428
9.57	0.817153
9.575	0.817002
9.58	0.816984
9.585	0.817100
9.59	0.817333
9.595	0.817653
9.6	0.818006
9.605	0.818324
9.61	0.818534
9.615	0.818571
9.62	0.818388
9.625	0.817956
9.63	0.817273
9.635	0.816358
9.64	0.815249
9.645	0.813995
9.65	0.812660
9.655	0.811326
9.66	0.810090
9.665	0.809050
9.67	0.808287
9.675	0.807851
9.68	0.807737
9.685	0.807879
9.69	0.808159
9.695	0.808436
9.7	0.808599
9.705	0.808602
9.71	0.808471
9.715	0.808285
9.72	0.808137
9.725	0.808101
9.73	0.808219
9.735	0.808487
9.74	0.808852
9.745	0.809216
9.75	0.809457
9.755	0.809457
9.76	0.809125
9.765	0.808407
9.77	0.807292
9.775	0.805818
9.78	0.804062
9.785	0.802129
9.79	0.800127
9.795	0.798161
9.8	0.796335
9.805	0.794760
9.81	0.793569
9.815	0.792896
9.82	0.792856
9.825	0.793525
9.83	0.794923
9.835	0.797009
9.84	0.799677
9.845	0.802775
9.85	0.806126
9.855	0.809554
9.86	0.812899
9.865	0.816032
9.87	0.818871
9.875	0.821376
9.88	0.823550
9.885	0.825424
9.89	0.827051
9.895	0.828488
9.9	0.829794
9.905	0.831016
9.91	0.832183
9.915	0.833298
9.92	0.834329
9.925	0.835218
9.93	0.835903
9.935	0.836329
9.94	0.836460
9.945	0.836276
9.95	0.835769
9.955	0.834941
9.96	0.833807
9.965	0.832407
9.97	0.830815
9.975	0.829148
9.98	0.827556
9.985	0.826210
9.99	0.825271
9.995	0.824863
