0	544.505998	-257.709595	286.796403
0.005	544.586167	-257.789743	286.796424
0.01	544.740769	-257.944308	286.796462
0.015	544.970279	-258.173762	286.796517
0.02	545.275386	-258.478797	286.796589
0.025	545.656996	-258.860318	286.796678
0.03	546.116236	-259.319450	286.796786
0.035	546.654454	-259.857543	286.796912
0.04	547.273229	-260.476173	286.797056
0.045	547.974370	-261.177152	286.797218
0.05	548.759928	-261.962527	286.797401
0.055	549.632197	-262.834594	286.797602
0.06	550.593724	-263.795899	286.797825
0.065	551.647318	-264.849250	286.798068
0.07	552.796052	-265.997720	286.798332
0.075	554.043279	-267.244661	286.798619
0.08	555.392636	-268.593708	286.798928
0.085	556.848052	-270.048792	286.799260
0.09	558.413759	-271.614144	286.799615
0.095	560.094302	-273.294307	286.799994
0.1	561.894538	-275.094140	286.800398
0.105	563.819651	-277.018826	286.800825
0.11	565.875149	-279.073873	286.801277
0.115	568.066869	-281.265118	286.801752
0.12	570.400970	-283.598722	286.802249
0.125	572.883927	-286.081161	286.802766
0.13	575.522515	-288.719212	286.803303
0.135	578.323781	-291.519927	286.803854
0.14	581.295010	-294.490595	286.804415
0.145	584.443671	-297.638691	286.804980
0.15	587.777342	-300.971803	286.805540
0.155	591.303613	-304.497529	286.806084
0.16	595.029948	-308.223350	286.806598
0.165	598.963514	-312.156452	286.807062
0.17	603.110947	-316.303495	286.807452
0.175	607.478052	-320.670315	286.807736
0.18	612.069411	-325.261537	286.807874
0.185	616.887884	-330.080071	286.807813
0.19	621.933957	-335.126470	286.807487
0.195	627.204914	-340.398103	286.806811
0.2	632.693779	-345.888101	286.805678
0.205	638.387960	-351.584011	286.803949
0.21	644.267536	-357.466083	286.801453
0.215	650.303073	-363.505103	286.797970
0.22	656.452883	-369.659659	286.793224
0.225	662.659568	-375.872697	286.786871
0.23	668.845718	-382.067236	286.778482
0.235	674.908582	-388.141052	286.767530
0.24	680.713550	-393.960178	286.753373
0.245	686.086311	-399.351067	286.735244
0.25	690.803619	-404.091367	286.712252
0.255	694.582789	-407.899391	286.683398
0.26	697.070349	-410.422716	286.647633
0.265	697.830845	-411.226872	286.603974
0.27	696.337692	-409.785982	286.551710
0.275	691.969360	-405.478602	286.490758
0.28	684.016159	-397.593962	286.422197
0.285	671.705421	-385.356404	286.349017
0.29	654.255637	-367.978587	286.277050
0.295	630.972012	-344.756115	286.215896
0.3	601.394819	-315.215393	286.179426
0.305	565.504290	-279.319191	286.185099
0.31	523.967340	-237.716225	286.251114
0.315	478.379780	-191.989154	286.390626
0.32	431.417880	-144.814385	286.603495
0.325	386.783682	-99.915298	286.868384
0.33	348.841598	-61.701203	287.140395
0.335	321.928330	-34.568962	287.359368
0.34	309.466194	-21.997147	287.469047
0.345	313.152365	-25.712997	287.439368
0.35	332.530057	-45.250610	287.279446
0.355	365.117545	-78.084307	287.033238
0.36	407.036800	-120.276000	286.760800
0.365	453.887005	-167.370543	286.516461
0.37	501.558686	-215.224082	286.334604
0.375	546.779576	-260.552863	286.226713
0.38	587.335564	-301.148882	286.186682
0.385	622.028954	-335.829942	286.199012
0.39	650.484783	-364.238903	286.245880
0.395	672.907016	-386.595511	286.311505
0.4	689.851525	-403.467564	286.383961
0.405	702.047097	-415.591779	286.455318
0.41	710.270633	-423.749668	286.520965
0.415	715.269550	-428.690849	286.578702
0.42	717.719781	-431.091874	286.627908
0.425	718.207993	-431.539098	286.668895
0.43	717.228839	-430.526381	286.702457
0.435	715.190617	-428.461033	286.729584
0.44	712.424965	-425.673680	286.751285
0.445	709.197889	-422.429385	286.768504
0.45	705.720607	-418.938532	286.782074
0.455	702.159422	-415.366717	286.792706
0.46	698.644326	-411.843336	286.800990
0.465	695.276248	-408.468836	286.807412
0.47	692.133054	-405.320690	286.812364
0.475	689.274422	-402.458266	286.816157
0.48	686.745756	-399.926717	286.819039
0.485	684.581284	-397.760081	286.821203
0.49	682.806484	-395.983687	286.822797
0.495	681.439947	-394.616016	286.823931
0.5	680.494770	-393.670086	286.824684
0.505	679.979552	-393.154445	286.825108
0.51	679.899040	-393.073813	286.825228
0.515	680.254466	-393.429418	286.825048
0.52	681.043583	-394.219037	286.824546
0.525	682.260408	-395.436730	286.823678
0.53	683.894648	-397.072280	286.822368
0.535	685.930777	-399.110264	286.820513
0.54	688.346709	-401.528742	286.817967
0.545	691.112000	-404.297460	286.814540
0.55	694.185470	-407.375481	286.809989
0.555	697.512138	-410.708139	286.803998
0.56	701.019330	-414.223155	286.796175
0.565	704.611812	-417.825780	286.786031
0.57	708.165790	-421.392818	286.772972
0.575	711.521702	-424.765416	286.756287
0.58	714.475775	-427.740615	286.735160
0.585	716.770571	-430.061873	286.708698
0.59	718.085122	-431.409119	286.676003
0.595	718.025868	-431.389558	286.636310
0.6	716.120628	-429.531399	286.589229
0.605	711.819175	-425.284071	286.535105
0.61	704.505720	-418.030204	286.475516
0.615	693.530297	-407.116430	286.413868
0.62	678.266903	-391.910973	286.355930
0.625	658.204771	-371.894732	286.310039
0.63	633.073620	-346.787057	286.286563
0.635	602.992472	-316.696236	286.296236
0.64	568.615613	-282.268340	286.347272
0.645	531.233104	-244.791282	286.441821
0.65	492.775917	-206.202860	286.573056
0.655	455.687365	-168.962783	286.724582
0.66	422.656555	-135.783354	286.873201
0.665	396.256943	-109.262379	286.994565
0.67	378.572440	-91.502839	287.069601
0.675	370.903748	-83.814624	287.089125
0.68	373.622039	-86.567075	287.054965
0.685	386.188060	-99.210405	286.977655
0.69	407.305964	-120.433705	286.872259
0.695	435.153298	-148.398905	286.754393
0.7	467.628895	-180.991104	286.637791
0.705	502.579799	-216.046357	286.533442
0.71	537.989738	-251.540276	286.449463
0.715	572.123296	-285.732330	286.390966
0.72	603.621997	-317.262173	286.359824
0.725	631.548709	-345.194029	286.354680
0.73	655.380989	-369.009468	286.371521
0.735	674.961695	-388.556972	286.404723
0.74	690.422088	-403.973848	286.448240
0.745	702.094887	-415.598307	286.496580
0.75	710.432148	-423.886763	286.545385
0.755	715.937372	-429.345758	286.591614
0.76	719.115548	-432.482109	286.633439
0.765	720.440548	-433.770545	286.670003
0.77	720.336923	-433.635783	286.701139
0.775	719.172317	-432.445204	286.727113
0.78	717.256983	-430.508555	286.748428
0.785	714.847517	-428.081826	286.765691
0.79	712.152727	-425.373212	286.779516
0.795	709.340275	-422.549796	286.790480
0.8	706.543217	-419.744124	286.799093
0.805	703.865998	-417.060205	286.805793
0.81	701.389687	-414.578746	286.810941
0.815	699.176376	-412.361546	286.814830
0.82	697.272773	-410.455082	286.817691
0.825	695.713046	-408.893349	286.819697
0.83	694.520992	-407.700018	286.820974
0.835	693.711584	-406.889985	286.821599
0.84	693.291967	-406.470356	286.821611
0.845	693.261918	-406.440914	286.821004
0.85	693.613800	-406.794068	286.819732
0.855	694.331986	-407.514282	286.817704
0.86	695.391733	-408.576953	286.814780
0.865	696.757448	-409.946684	286.810763
0.87	698.380298	-411.574899	286.805398
0.875	700.195100	-413.396737	286.798363
0.88	702.116465	-415.327197	286.789269
0.885	704.034258	-417.256589	286.777669
0.89	705.808561	-419.045473	286.763088
0.895	707.264653	-420.519576	286.745076
0.9	708.188894	-421.465582	286.723312
0.905	708.327114	-421.629350	286.697765
0.91	707.387860	-420.718940	286.668920
0.915	705.053709	-418.415658	286.638051
0.92	701.004215	-414.396761	286.607454
0.925	694.953229	-408.372727	286.580502
0.93	686.700423	-400.139096	286.561328
0.935	676.191268	-389.637282	286.553985
0.94	663.572559	-377.011394	286.561165
0.945	649.225007	-362.642115	286.582893
0.95	633.755043	-347.139167	286.615875
0.955	617.937757	-331.283727	286.654030
0.96	602.619523	-315.929373	286.690150
0.965	588.604516	-301.886484	286.718032
0.97	576.555645	-289.821530	286.734114
0.975	566.933703	-280.195730	286.737973
0.98	559.982702	-273.251077	286.731625
0.985	555.752635	-269.034479	286.718156
0.99	554.140949	-267.440560	286.700389
0.995	554.934005	-268.253830	286.680175
1	557.838080	-271.179556	286.658524
1.005	562.500685	-275.864367	286.636319
1.01	568.530715	-281.915744	286.614971
1.015	575.525365	-288.928907	286.596459
1.02	583.103871	-296.521157	286.582714
1.025	590.939904	-304.364993	286.574911
1.03	598.783258	-312.210002	286.573257
1.035	606.467752	-319.890371	286.577380
1.04	613.909758	-327.322940	286.586818
1.045	621.103312	-334.502246	286.601066
1.05	628.112578	-341.493417	286.619161
1.055	635.056764	-348.417499	286.639265
1.06	642.082899	-355.424112	286.658787
1.065	649.328634	-362.653540	286.675094
1.07	656.884871	-370.198485	286.686386
1.075	664.770251	-378.078015	286.692235
1.08	672.925036	-386.231495	286.693541
1.085	681.224198	-394.532145	286.692053
1.09	689.503236	-402.813489	286.689748
1.095	697.587979	-410.899666	286.688313
1.1	705.320700	-418.631864	286.688836
1.105	712.577766	-425.886058	286.691708
1.11	719.277148	-432.580443	286.696705
1.115	725.376767	-438.673571	286.703196
1.12	730.866572	-444.156169	286.710403
1.125	735.758014	-449.040386	286.717628
1.13	740.074200	-453.349823	286.724377
1.135	743.842669	-457.112291	286.730378
1.14	747.091092	-460.355592	286.735500
1.145	749.845110	-463.105433	286.739677
1.15	752.127199	-465.384345	286.742854
1.155	753.955945	-467.210944	286.745001
1.16	755.345895	-468.599718	286.746177
1.165	756.308712	-469.562131	286.746582
1.17	756.856320	-470.109763	286.746557
1.175	757.005746	-470.259281	286.746465
1.18	756.783834	-470.037368	286.746466
1.185	756.228904	-469.482539	286.746365
1.19	755.387469	-468.641747	286.745722
1.195	754.307842	-467.563574	286.744268
1.2	753.035957	-466.293692	286.742264
1.205	751.617684	-464.877318	286.740366
1.21	750.105829	-463.366760	286.739068
1.215	748.564771	-461.826541	286.738230
1.22	747.066696	-460.329628	286.737068
1.225	745.679258	-458.944697	286.734561
1.23	744.450345	-457.720280	286.730065
1.235	743.398781	-456.674848	286.723933
1.24	742.519216	-455.801490	286.717726
1.245	741.803166	-455.089610	286.713556
1.25	741.266623	-454.553898	286.712725
1.255	740.966100	-454.251493	286.714607
1.26	740.988694	-454.271992	286.716702
1.265	741.417143	-454.701227	286.715916
1.27	742.287299	-455.577006	286.710293
1.275	743.561520	-456.861390	286.700129
1.28	745.132953	-458.445207	286.687747
1.285	746.857845	-460.181716	286.676128
1.29	748.597728	-461.930341	286.667387
1.295	750.250737	-463.588691	286.662046
1.3	751.761612	-465.102235	286.659377
1.305	753.113873	-466.455628	286.658245
1.31	754.314987	-467.657203	286.657784
1.315	755.384066	-468.726413	286.657654
1.32	756.346350	-469.688347	286.658003
1.325	757.234369	-470.575096	286.659274
1.33	758.092937	-471.431087	286.661850
1.335	758.982958	-472.317333	286.665625
1.34	759.978441	-473.308648	286.669793
1.345	761.154285	-474.481184	286.673101
1.35	762.568424	-475.894002	286.674422
1.355	764.245991	-477.572735	286.673256
1.36	766.172663	-479.502653	286.670010
1.365	768.301182	-481.635173	286.666009
1.37	770.570779	-483.907673	286.663106
1.375	772.933498	-486.270610	286.662888
1.38	775.376428	-488.710549	286.665878
1.385	777.929136	-491.257871	286.671265
1.39	780.652562	-493.975269	286.677294
1.395	783.614560	-496.932529	286.682032
1.4	786.862525	-500.178472	286.684053
1.405	790.402856	-503.720094	286.682762
1.41	794.192221	-507.513878	286.678343
1.415	798.140493	-511.468972	286.671521
1.42	802.122320	-515.458993	286.663327
1.425	805.993896	-519.338956	286.654939
1.43	809.612414	-522.964800	286.647615
1.435	812.856676	-526.214039	286.642637
1.44	815.647489	-529.006305	286.641185
1.445	817.965136	-531.321163	286.643973
1.45	819.858417	-533.207707	286.650710
1.455	821.437741	-534.778094	286.659647
1.46	822.847087	-536.179342	286.667745
1.465	824.218680	-537.546885	286.671794
1.47	825.627063	-538.956865	286.670199
1.475	827.066946	-540.402715	286.664231
1.48	828.470469	-541.813089	286.657380
1.485	829.754293	-543.101384	286.652909
1.49	830.864538	-544.212893	286.651645
1.495	831.790533	-545.138689	286.651844
1.5	832.544758	-545.893727	286.651031
1.505	833.132276	-546.484122	286.648154
1.51	833.537722	-546.893354	286.644368
1.515	833.740415	-547.098460	286.641955
1.52	833.743860	-547.101473	286.642388
1.525	833.594889	-546.949628	286.645261
1.53	833.378658	-546.729650	286.649008
1.535	833.198361	-546.545701	286.652660
1.54	833.161830	-546.504810	286.657020
1.545	833.389415	-546.725375	286.664040
1.55	834.032816	-547.358710	286.674107
1.555	835.268340	-548.585347	286.682993
1.56	837.231217	-550.548032	286.683185
1.565	839.917249	-553.245872	286.671377
1.57	843.145904	-556.491893	286.654011
1.575	846.647988	-560.005321	286.642667
1.58	850.219977	-563.575686	286.644291
1.585	853.820648	-567.164499	286.656148
1.59	857.539760	-570.871351	286.668409
1.595	861.470232	-574.798828	286.671404
1.6	865.580483	-578.918337	286.662146
1.605	869.673517	-583.028456	286.645061
1.61	873.445175	-586.817905	286.627270
1.615	876.584124	-589.970229	286.613895
1.62	878.851073	-592.244092	286.606981
1.625	880.116809	-593.509955	286.606854
1.63	880.372249	-593.758884	286.613364
1.635	879.726128	-593.100173	286.625956
1.64	878.392772	-591.749668	286.643104
1.645	876.664750	-590.002451	286.662299
1.65	874.871871	-588.190841	286.681030
1.655	873.338707	-586.641262	286.697445
1.66	872.348096	-585.638721	286.709375
1.665	872.101564	-585.387942	286.713622
1.67	872.673871	-585.965564	286.708306
1.675	873.991777	-587.295685	286.696092
1.68	875.873058	-589.189641	286.683417
1.685	878.113587	-591.437863	286.675724
1.69	880.562937	-593.889141	286.673797
1.695	883.141132	-596.466581	286.674550
1.7	885.803559	-599.129041	286.674518
1.705	888.497034	-601.824753	286.672281
1.71	891.139996	-604.471661	286.668335
1.715	893.628776	-606.964968	286.663808
1.72	895.854999	-609.195317	286.659682
1.725	897.722764	-611.066065	286.656699
1.73	899.162420	-612.507030	286.655390
1.735	900.140285	-613.484287	286.655998
1.74	900.663096	-614.004682	286.658413
1.745	900.775953	-614.113810	286.662143
1.75	900.553453	-613.887101	286.666353
1.755	900.085074	-613.414999	286.670074
1.76	899.458681	-612.785989	286.672692
1.765	898.749309	-612.074844	286.674465
1.77	898.019918	-611.343466	286.676452
1.775	897.332270	-610.652827	286.679443
1.78	896.754289	-610.071502	286.682786
1.785	896.350177	-609.665557	286.684619
1.79	896.156991	-609.473352	286.683639
1.795	896.169617	-609.489005	286.680612
1.8	896.352145	-609.674239	286.677906
1.805	896.669534	-609.991980	286.677554
1.81	897.114845	-610.435118	286.679727
1.815	897.711912	-611.029127	286.682784
1.82	898.493579	-611.809014	286.684566
1.825	899.472249	-612.788581	286.683668
1.83	900.620066	-613.940299	286.679767
1.835	901.864669	-615.191374	286.673295
1.84	903.097579	-616.432368	286.665211
1.845	904.191577	-617.534723	286.656854
1.85	905.024488	-618.374640	286.649848
1.855	905.508551	-618.862015	286.646536
1.86	905.629936	-618.979369	286.650567
1.865	905.498841	-618.833903	286.664938
1.87	905.374315	-618.688577	286.685738
1.875	905.587483	-618.888363	286.699119
1.88	906.351803	-619.657885	286.693919
1.885	907.626865	-620.948941	286.677923
1.89	909.213231	-622.543698	286.669533
1.895	910.979221	-624.303514	286.675707
1.9	912.961481	-626.273852	286.687630
1.905	915.267969	-628.574388	286.693580
1.91	917.928638	-631.238988	286.689649
1.915	920.835491	-634.156023	286.679467
1.92	923.783440	-637.115112	286.668327
1.925	926.543551	-639.884071	286.659480
1.93	928.916611	-642.262249	286.654362
1.935	930.762493	-644.108504	286.653989
1.94	932.019109	-645.360106	286.659003
1.945	932.712120	-646.043387	286.668734
1.95	932.945299	-646.264386	286.680913
1.955	932.868473	-646.175958	286.692514
1.96	932.634118	-645.933130	286.700988
1.965	932.359613	-645.654504	286.705108
1.97	932.107280	-645.402238	286.705042
1.975	931.883799	-645.182082	286.701716
1.98	931.651105	-644.955071	286.696035
1.985	931.338944	-644.650277	286.688667
1.99	930.856197	-644.175650	286.680547
1.995	930.105992	-643.432815	286.673177
2	929.006773	-642.338890	286.667883
2.005	927.509406	-640.844780	286.664625
2.01	925.596955	-638.934787	286.662169
2.015	923.270914	-636.610884	286.660030
2.02	920.547647	-633.887681	286.659966
2.025	917.482172	-630.817223	286.664949
2.03	914.206265	-627.529561	286.676704
2.035	910.949505	-624.255264	286.694241
2.04	908.022659	-621.308548	286.714111
2.045	905.765303	-619.033728	286.731575
2.05	904.473915	-617.731990	286.741925
2.055	904.330652	-617.588911	286.741740
2.06	905.352331	-618.622366	286.729965
2.065	907.375609	-620.667100	286.708509
2.07	910.086402	-623.404430	286.681971
2.075	913.088424	-626.432139	286.656285
2.08	915.990729	-629.354058	286.636671
2.085	918.485387	-631.859453	286.625934
2.09	920.391451	-633.767428	286.624024
2.095	921.658183	-635.029345	286.628839
2.1	922.337655	-635.700128	286.637528
2.105	922.544780	-635.897111	286.647669
2.11	922.421977	-635.763945	286.658032
2.115	922.119017	-635.450578	286.668439
2.12	921.785963	-635.107405	286.678558
2.125	921.564180	-634.877477	286.686702
2.13	921.561617	-634.871424	286.690193
2.135	921.817945	-635.130670	286.687275
2.14	922.283442	-635.604740	286.678703
2.145	922.831368	-636.163897	286.667471
2.15	923.300453	-636.643333	286.657120
2.155	923.545585	-636.895430	286.650155
2.16	923.475018	-636.827456	286.647562
2.165	923.066676	-636.417226	286.649451
2.17	922.370816	-635.714902	286.655913
2.175	921.508551	-634.841871	286.666680
2.18	920.661194	-633.981612	286.679582
2.185	920.034419	-633.343902	286.690518
2.19	919.801157	-633.104657	286.696501
2.195	920.060893	-633.362478	286.698414
2.2	920.846923	-634.147446	286.699478
2.205	922.164257	-635.462671	286.701586
2.21	924.015845	-637.311411	286.704434
2.215	926.403192	-639.696124	286.707068
2.22	929.315759	-642.607349	286.708410
2.225	932.716497	-646.009767	286.706730
2.23	936.520104	-649.820001	286.700103
2.235	940.570353	-653.882518	286.687836
2.24	944.634529	-657.963053	286.671476
2.245	948.428185	-661.773588	286.654597
2.25	951.667790	-665.026126	286.641664
2.255	954.135758	-667.499096	286.636662
2.26	955.737523	-669.095775	286.641748
2.265	956.530315	-669.874308	286.656007
2.27	956.706559	-670.031600	286.674960
2.275	956.527891	-669.835842	286.692049
2.28	956.232952	-669.530815	286.702137
2.285	955.965476	-669.261166	286.704310
2.29	955.758334	-669.057088	286.701246
2.295	955.567051	-668.870780	286.696271
2.3	955.316385	-668.625032	286.691353
2.305	954.932347	-668.245103	286.687243
2.31	954.357896	-667.673429	286.684467
2.315	953.563203	-666.879476	286.683727
2.32	952.555450	-665.870063	286.685387
2.325	951.381992	-664.693344	286.688647
2.33	950.117020	-663.425661	286.691359
2.335	948.830874	-662.139721	286.691153
2.34	947.558268	-660.870779	286.687489
2.345	946.291873	-659.609047	286.682826
2.35	945.014717	-658.333412	286.681305
2.355	943.752778	-657.067259	286.685520
2.36	942.604685	-655.911011	286.693674
2.365	941.712289	-655.012563	286.699726
2.37	941.178026	-654.480316	286.697710
2.375	940.987023	-654.300081	286.686943
2.38	940.998945	-654.326468	286.672477
2.385	941.016349	-654.355502	286.660847
2.39	940.877854	-654.221464	286.656391
2.395	940.524782	-653.864394	286.660388
2.4	940.022734	-653.351444	286.671290
2.405	939.538353	-652.853471	286.684882
2.41	939.276460	-652.581183	286.695277
2.415	939.395738	-652.698130	286.697607
2.42	939.940942	-653.249981	286.690961
2.425	940.829593	-654.150824	286.678769
2.43	941.897853	-655.231736	286.666117
2.435	942.970836	-656.314473	286.656364
2.44	943.911906	-657.262440	286.649467
2.445	944.627484	-657.984510	286.642974
2.45	945.041074	-658.405666	286.635407
2.455	945.080920	-658.451198	286.629723
2.46	944.722185	-658.089424	286.632761
2.465	944.069288	-657.420633	286.648655
2.47	943.391526	-656.720315	286.671211
2.475	943.026226	-656.340121	286.686105
2.48	943.190561	-656.506065	286.684496
2.485	943.867347	-657.196371	286.670977
2.49	944.860496	-658.204386	286.656111
2.495	945.939982	-659.292754	286.647228
2.5	946.957195	-660.310169	286.647026
2.505	947.890727	-661.236736	286.653991
2.51	948.818948	-662.157784	286.661165
2.515	949.818452	-663.158740	286.659712
2.52	950.849649	-664.200949	286.648700
2.525	951.746441	-665.108797	286.637644
2.53	952.335796	-665.699372	286.636424
2.535	952.569497	-665.922765	286.646732
2.54	952.557261	-665.893770	286.663491
2.545	952.505608	-665.825309	286.680299
2.55	952.629316	-665.936526	286.692790
2.555	953.085397	-666.386196	286.699201
2.56	953.943000	-667.243395	286.699604
2.565	955.181557	-668.486558	286.694999
2.57	956.704943	-670.018262	286.686682
2.575	958.362251	-671.686284	286.675966
2.58	959.970779	-673.306423	286.664356
2.585	961.342906	-674.688846	286.654060
2.59	962.322335	-675.674095	286.648240
2.595	962.830764	-676.180560	286.650204
2.6	962.912111	-676.250678	286.661434
2.605	962.747308	-676.067738	286.679571
2.61	962.614967	-675.916530	286.698437
2.615	962.801647	-676.090545	286.711102
2.62	963.503556	-676.789675	286.713881
2.625	964.772114	-678.064277	286.707837
2.63	966.524724	-679.827625	286.697099
2.635	968.600081	-681.914266	286.685814
2.64	970.814326	-684.139428	286.674898
2.645	972.974067	-686.313231	286.660836
2.65	974.836581	-688.196766	286.639815
2.655	976.071911	-689.458023	286.613888
2.66	976.298973	-689.708176	286.590797
2.665	975.193489	-688.615662	286.577827
2.67	972.594705	-686.016749	286.577956
2.675	968.557769	-681.966711	286.591058
2.68	963.359204	-676.742634	286.616569
2.685	957.485130	-670.831201	286.653929
2.69	951.603807	-664.904751	286.699055
2.695	946.476086	-659.736581	286.739504
2.7	942.759523	-656.000855	286.758667
2.705	940.781987	-654.030595	286.751392
2.71	940.471843	-653.742301	286.729542
2.715	941.505636	-654.797760	286.707876
2.72	943.512705	-656.820534	286.692171
2.725	946.180248	-659.499194	286.681054
2.73	949.256836	-662.585263	286.671572
2.735	952.519422	-665.858138	286.661285
2.74	955.740986	-669.092344	286.648642
2.745	958.672342	-672.038208	286.634133
2.75	961.053861	-674.432760	286.621101
2.755	962.664789	-676.050511	286.614278
2.76	963.390010	-676.772976	286.617034
2.765	963.268462	-676.638466	286.629995
2.77	962.502676	-675.851104	286.651572
2.775	961.432309	-674.753708	286.678601
2.78	960.478421	-673.772603	286.705818
2.785	960.054426	-673.329239	286.725187
2.79	960.442969	-673.715003	286.727966
2.795	961.674810	-674.964195	286.710615
2.8	963.487666	-676.808081	286.679585
2.805	965.419879	-678.771588	286.648291
2.81	966.998112	-680.369339	286.628773
2.815	967.911867	-681.285623	286.626244
2.82	968.096045	-681.457255	286.638789
2.825	967.709063	-681.049506	286.659556
2.83	967.036328	-680.356231	286.680097
2.835	966.369952	-679.675401	286.694551
2.84	965.923410	-679.221049	286.702361
2.845	965.816701	-679.109771	286.706930
2.85	966.114640	-679.403435	286.711205
2.855	966.862873	-680.148205	286.714668
2.86	968.083901	-681.369076	286.714824
2.865	969.749146	-683.038427	286.710719
2.87	971.768216	-685.064402	286.703814
2.875	974.008097	-687.312022	286.696075
2.88	976.321795	-689.633100	286.688695
2.885	978.569578	-691.886980	286.682598
2.89	980.635824	-693.956777	286.679047
2.895	982.447624	-695.768441	286.679182
2.9	983.989434	-697.306489	286.682945
2.905	985.300715	-698.612210	286.688505
2.91	986.449580	-699.756809	286.692772
2.915	987.489781	-700.797024	286.692757
2.92	988.419528	-701.732575	286.686953
2.925	989.160967	-702.485056	286.675911
2.93	989.568543	-702.906742	286.661802
2.935	989.460846	-702.813415	286.647431
2.94	988.662802	-702.027377	286.635425
2.945	987.046552	-700.418635	286.627917
2.95	984.565477	-697.938888	286.626589
2.955	981.280586	-694.647918	286.632668
2.96	977.377398	-690.731080	286.646319
2.965	973.164429	-686.498798	286.665631
2.97	969.042696	-682.355565	286.687131
2.975	965.457236	-678.747991	286.709245
2.98	962.869553	-676.135788	286.733766
2.985	961.749390	-674.992786	286.756605
2.99	962.470677	-675.712691	286.757987
2.995	965.042470	-678.321502	286.720968
3	968.919663	-682.259742	286.659922
3.005	973.196555	-686.589311	286.607245
3.01	977.039300	-690.457217	286.582082
3.015	979.983946	-693.399061	286.584885
3.02	981.978681	-695.372253	286.606428
3.025	983.263090	-696.628795	286.634296
3.03	984.186593	-697.529527	286.657065
3.035	985.036372	-698.368913	286.667458
3.04	985.926173	-699.261787	286.664386
3.045	986.778170	-700.124893	286.653277
3.05	987.397198	-700.754947	286.642251
3.055	987.584283	-700.947780	286.636503
3.06	987.216991	-700.580323	286.636668
3.065	986.270032	-699.628702	286.641330
3.07	984.802042	-698.152608	286.649434
3.075	982.938883	-696.278675	286.660208
3.08	980.855782	-694.184051	286.671732
3.085	978.744579	-692.063656	286.680923
3.09	976.769413	-690.083438	286.685975
3.095	975.040968	-688.352572	286.688397
3.1	973.631582	-686.940350	286.691233
3.105	972.607363	-685.912685	286.694677
3.11	972.024516	-685.330159	286.694356
3.115	971.872490	-685.187044	286.685447
3.12	972.016764	-685.348163	286.668601
3.125	972.212517	-685.562159	286.650358
3.13	972.194461	-685.556574	286.637887
3.135	971.778455	-685.143965	286.634490
3.14	970.913153	-684.274232	286.638921
3.145	969.667205	-683.020022	286.647182
3.15	968.176099	-681.520546	286.655553
3.155	966.592408	-679.928535	286.663873
3.16	965.082310	-678.405973	286.676337
3.165	963.872857	-677.175965	286.696892
3.17	963.285503	-676.564178	286.721325
3.175	963.660625	-676.925250	286.735375
3.18	965.164786	-678.438802	286.725983
3.185	967.627221	-680.932031	286.695190
3.19	970.570625	-683.912256	286.658370
3.195	973.418372	-686.787917	286.630455
3.2	975.713653	-689.095178	286.618475
3.205	977.242456	-690.618422	286.624034
3.21	978.070395	-691.424129	286.646266
3.215	978.522298	-691.842657	286.679641
3.22	979.083531	-692.372330	286.711201
3.225	980.207124	-693.480845	286.726278
3.23	982.112027	-695.391652	286.720375
3.235	984.716086	-698.014570	286.701516
3.24	987.732768	-701.052806	286.679962
3.245	990.812428	-704.152316	286.660112
3.25	993.621085	-706.979055	286.642030
3.255	995.861222	-709.234781	286.626440
3.26	997.291618	-710.675193	286.616425
3.265	997.769663	-711.154637	286.615027
3.27	997.288693	-710.666686	286.622008
3.275	995.970883	-709.337713	286.633170
3.28	994.008210	-707.365285	286.642924
3.285	991.585268	-704.937424	286.647844
3.29	988.832104	-702.183184	286.648920
3.295	985.838032	-699.186604	286.651428
3.3	982.721427	-696.059861	286.661567
3.305	979.706673	-693.025722	286.680951
3.31	977.136223	-690.432752	286.703471
3.315	975.381725	-688.662906	286.718819
3.32	974.703089	-687.982551	286.720538
3.325	975.156787	-688.446664	286.710123
3.33	976.605415	-689.912455	286.692960
3.335	978.783640	-692.111218	286.672422
3.34	981.349797	-694.700380	286.649416
3.345	983.913195	-697.286975	286.626220
3.35	986.078678	-699.470432	286.608246
3.355	987.527551	-700.926522	286.601029
3.36	988.098089	-701.491766	286.606323
3.365	987.816158	-701.194567	286.621591
3.37	986.865439	-700.223226	286.642213
3.375	985.523013	-698.859503	286.663511
3.38	984.088525	-697.407062	286.681463
3.385	982.821035	-696.128009	286.693026
3.39	981.891645	-695.194715	286.696930
3.395	981.363543	-694.669082	286.694461
3.4	981.208450	-694.519465	286.688986
3.405	981.351970	-694.667879	286.684091
3.41	981.722868	-695.041187	286.681681
3.415	982.280520	-695.599165	286.681356
3.42	983.011018	-696.329891	286.681126
3.425	983.900514	-697.221922	286.678591
3.43	984.902143	-698.230227	286.671916
3.435	985.911865	-699.251145	286.660721
3.44	986.766923	-700.119983	286.646940
3.445	987.277463	-700.642603	286.634859
3.45	987.288909	-700.659450	286.629460
3.455	986.749678	-700.116437	286.633241
3.46	985.740729	-699.097186	286.643543
3.465	984.436120	-697.782031	286.654089
3.47	983.020362	-696.359030	286.661332
3.475	981.641479	-694.972989	286.668490
3.48	980.444936	-693.764056	286.680880
3.485	979.631570	-692.933590	286.697980
3.49	979.445052	-692.732666	286.712386
3.495	980.075144	-693.358637	286.716507
3.5	981.556234	-694.848000	286.708235
3.505	983.733738	-697.043568	286.690170
3.51	986.299115	-699.632070	286.667046
3.515	988.864203	-702.219073	286.645130
3.52	991.057363	-704.426791	286.630572
3.525	992.614038	-705.987854	286.626184
3.53	993.422137	-706.791505	286.630631
3.535	993.510687	-706.870023	286.640664
3.54	993.007274	-706.354013	286.653261
3.545	992.092765	-705.426801	286.665964
3.55	990.961700	-704.285228	286.676473
3.555	989.786374	-703.103492	286.682882
3.56	988.687887	-702.003557	286.684330
3.565	987.722384	-701.041004	286.681380
3.57	986.888144	-700.212075	286.676069
3.575	986.153586	-699.482207	286.671378
3.58	985.497550	-698.827577	286.669973
3.585	984.946159	-698.272495	286.673664
3.59	984.598763	-697.914777	286.683986
3.595	984.643637	-697.942771	286.700866
3.6	985.343096	-698.623888	286.719209
3.605	986.952579	-700.223298	286.729280
3.61	989.587742	-702.864219	286.723523
3.615	993.126618	-706.423486	286.703132
3.62	997.227289	-710.550440	286.676850
3.625	1001.446831	-714.793140	286.653690
3.63	1005.371273	-718.733585	286.637688
3.635	1008.685404	-722.057000	286.628404
3.64	1011.180870	-724.556775	286.624095
3.645	1012.739467	-726.115903	286.623564
3.65	1013.317679	-726.691701	286.625978
3.655	1012.934393	-726.304085	286.630308
3.66	1011.657020	-725.021372	286.635648
3.665	1009.589979	-722.947978	286.642001
3.67	1006.874074	-720.223813	286.650262
3.675	1003.695107	-717.034182	286.660925
3.68	1000.285382	-713.612624	286.672758
3.685	996.902580	-710.219364	286.683216
3.69	993.791241	-707.100994	286.690247
3.695	991.145028	-704.453017	286.692011
3.7	989.064236	-702.380167	286.684069
3.705	987.489693	-700.826945	286.662748
3.71	986.169998	-699.534371	286.635627
3.715	984.772266	-698.152847	286.619419
3.72	983.097109	-696.474337	286.622771
3.725	981.199773	-694.560324	286.639449
3.73	979.326894	-692.668314	286.658580
3.735	977.777301	-691.102813	286.674488
3.74	976.811149	-690.125026	286.686123
3.745	976.617920	-689.925227	286.692694
3.75	977.295658	-690.603767	286.691891
3.755	978.814854	-692.134466	286.680388
3.76	980.977943	-694.320363	286.657581
3.765	983.424635	-696.794693	286.629943
3.77	985.728628	-699.120236	286.608392
3.775	987.548369	-700.948119	286.600250
3.78	988.732132	-702.127015	286.605116
3.785	989.321220	-702.703574	286.617646
3.79	989.481118	-702.848627	286.632490
3.795	989.423523	-702.777105	286.646418
3.8	989.350951	-702.693912	286.657039
3.805	989.414309	-702.752717	286.661592
3.81	989.673795	-703.014830	286.658965
3.815	990.088909	-703.435986	286.652923
3.82	990.572202	-703.921148	286.651054
3.825	991.088645	-704.429899	286.658746
3.83	991.723824	-705.049824	286.674000
3.835	992.655912	-705.967427	286.688486
3.84	994.046896	-707.352322	286.694575
3.845	995.943548	-709.251659	286.691889
3.85	998.270312	-711.583766	286.686546
3.855	1000.906200	-714.221775	286.684426
3.86	1003.762654	-717.076731	286.685923
3.865	1006.792777	-720.106505	286.686272
3.87	1009.932305	-723.252515	286.679790
3.875	1013.026727	-726.362583	286.664143
3.88	1015.802051	-729.160342	286.641710
3.885	1017.899854	-731.281921	286.617933
3.89	1018.957035	-732.358237	286.598798
3.895	1018.695830	-732.106684	286.589146
3.9	1016.997782	-730.405892	286.591890
3.905	1013.946657	-727.339388	286.607268
3.91	1009.827648	-723.195867	286.631781
3.915	1005.069539	-718.411683	286.657856
3.92	1000.130747	-713.454469	286.676278
3.925	995.367668	-708.686129	286.681539
3.93	990.957429	-704.281327	286.676102
3.935	986.928067	-700.259268	286.668799
3.94	983.275670	-696.606705	286.668965
3.945	980.092870	-693.410884	286.681986
3.95	977.640276	-690.933673	286.706603
3.955	976.313912	-689.581882	286.732030
3.96	976.481317	-689.740451	286.740866
3.965	978.245168	-691.522873	286.722295
3.97	981.303420	-694.621195	286.682226
3.975	985.027096	-698.389915	286.637181
3.98	988.688049	-702.086260	286.601789
3.985	991.679294	-705.095891	286.583402
3.99	993.640710	-707.057805	286.582905
3.995	994.487456	-707.890644	286.596811
4	994.369461	-707.749664	286.619797
4.005	993.599018	-706.951649	286.647369
4.01	992.582411	-705.905491	286.676920
4.015	991.768707	-705.062870	286.705837
4.02	991.593017	-704.864490	286.728528
4.025	992.383889	-705.646580	286.737309
4.03	994.254714	-707.526108	286.728606
4.035	997.056558	-710.349370	286.707187
4.04	1000.441990	-713.759470	286.682520
4.045	1003.997119	-717.334676	286.662443
4.05	1007.360783	-720.710041	286.650742
4.055	1010.290314	-723.642321	286.647993
4.06	1012.678239	-726.025417	286.652822
4.065	1014.536397	-727.873690	286.662707
4.07	1015.960826	-729.286124	286.674702
4.075	1017.089128	-730.402949	286.686179
4.08	1018.061060	-731.365879	286.695181
4.085	1018.987632	-732.287472	286.700160
4.09	1019.926807	-733.227065	286.699743
4.095	1020.864557	-734.171193	286.693363
4.1	1021.709932	-735.027456	286.682475
4.105	1022.317927	-735.647187	286.670740
4.11	1022.540117	-735.877919	286.662198
4.115	1022.278584	-735.619903	286.658681
4.12	1021.510790	-734.851756	286.659034
4.125	1020.275949	-733.615003	286.660946
4.13	1018.644710	-731.981672	286.663038
4.135	1016.698096	-730.033115	286.664982
4.14	1014.519911	-727.853300	286.666610
4.145	1012.193659	-725.525754	286.667905
4.15	1009.802075	-723.132696	286.669379
4.155	1007.430852	-720.759538	286.671314
4.16	1005.166370	-718.494113	286.672257
4.165	1003.072204	-716.402829	286.669374
4.17	1001.152496	-714.491137	286.661359
4.175	999.337359	-712.687059	286.650300
4.18	997.512033	-710.871920	286.640112
4.185	995.572770	-708.938303	286.634467
4.19	993.483188	-706.846579	286.636608
4.195	991.321446	-704.672719	286.648727
4.2	989.303248	-702.634356	286.668892
4.205	987.742817	-701.054097	286.688720
4.21	986.930409	-700.233703	286.696707
4.215	986.976743	-700.290167	286.686577
4.22	987.731548	-701.068839	286.662710
4.225	988.843903	-702.207027	286.636876
4.23	989.924854	-703.304465	286.620389
4.235	990.710229	-704.091475	286.618755
4.24	991.145676	-704.515017	286.630659
4.245	991.373546	-704.723830	286.649716
4.25	991.644241	-704.976668	286.667572
4.255	992.197111	-705.519691	286.677421
4.26	993.161672	-706.485070	286.676603
4.265	994.516016	-707.849101	286.666914
4.27	996.107548	-709.455036	286.652512
4.275	997.709703	-711.072315	286.637388
4.28	999.081784	-712.457241	286.624542
4.285	1000.018196	-713.401613	286.616583
4.29	1000.391001	-713.775010	286.615991
4.295	1000.187473	-713.563065	286.624408
4.3	999.533379	-712.891615	286.641764
4.305	998.689524	-712.023803	286.665721
4.31	998.012113	-711.320997	286.691116
4.315	997.870108	-711.160153	286.709955
4.32	998.525870	-711.811786	286.714084
4.325	1000.021522	-713.320873	286.700649
4.33	1002.142204	-715.467132	286.675072
4.335	1004.491316	-717.844093	286.647223
4.34	1006.630026	-720.004952	286.625073
4.345	1008.199359	-721.587036	286.612322
4.35	1008.986042	-722.376201	286.609841
4.355	1008.943318	-722.325962	286.617355
4.36	1008.187961	-721.554145	286.633817
4.365	1006.980034	-720.323315	286.656718
4.37	1005.677608	-718.996522	286.681086
4.375	1004.656056	-717.956442	286.699613
4.38	1004.199565	-717.493996	286.705569
4.385	1004.407022	-717.709856	286.697166
4.39	1005.168155	-718.489089	286.679066
4.395	1006.228712	-719.569255	286.659457
4.4	1007.307887	-720.661899	286.645988
4.405	1008.212059	-721.568678	286.643381
4.41	1008.905644	-722.253434	286.652211
4.415	1009.516646	-722.848859	286.667788
4.42	1010.262792	-723.582391	286.680400
4.425	1011.311592	-724.631299	286.680293
4.43	1012.649613	-725.983294	286.666318
4.435	1014.069462	-727.421053	286.648408
4.44	1015.300378	-728.661308	286.639070
4.445	1016.176710	-729.533212	286.643498
4.45	1016.713860	-730.056866	286.656995
4.455	1017.050895	-730.381200	286.669694
4.46	1017.322423	-730.647568	286.674855
4.465	1017.568835	-730.895158	286.673677
4.47	1017.746851	-731.074870	286.671981
4.475	1017.803186	-731.129430	286.673755
4.48	1017.730730	-731.052190	286.678539
4.485	1017.568038	-730.884893	286.683145
4.49	1017.359842	-730.675216	286.684625
4.495	1017.117767	-730.435511	286.682255
4.5	1016.809622	-730.131808	286.677814
4.505	1016.382435	-729.707974	286.674460
4.51	1015.804352	-729.129366	286.674986
4.515	1015.100775	-728.420626	286.680149
4.52	1014.361640	-727.673738	286.687902
4.525	1013.711104	-727.016555	286.694548
4.53	1013.256731	-726.559256	286.697475
4.535	1013.053281	-726.356481	286.696800
4.54	1013.101740	-726.407579	286.694161
4.545	1013.370484	-726.679767	286.690718
4.55	1013.814359	-727.127415	286.686943
4.555	1014.386047	-727.702451	286.683596
4.56	1015.048504	-728.366702	286.681801
4.565	1015.787739	-729.106164	286.681574
4.57	1016.607879	-729.927513	286.680366
4.575	1017.494020	-730.819706	286.674314
4.58	1018.363215	-731.700815	286.662400
4.585	1019.055516	-732.406584	286.648932
4.59	1019.392803	-732.752334	286.640469
4.595	1019.266587	-732.626289	286.640298
4.6	1018.684958	-732.038875	286.646082
4.605	1017.746351	-731.094118	286.652234
4.61	1016.570086	-729.915165	286.654921
4.615	1015.250129	-728.593764	286.656365
4.62	1013.885736	-727.221349	286.664387
4.625	1012.673576	-725.989278	286.684297
4.63	1011.949538	-725.241812	286.707727
4.635	1012.054983	-725.339949	286.715034
4.64	1013.084910	-726.387543	286.697367
4.645	1014.780780	-728.112453	286.668327
4.65	1016.698192	-730.051702	286.646491
4.655	1018.455510	-731.818135	286.637375
4.66	1019.835261	-733.200421	286.634840
4.665	1020.728127	-734.096817	286.631310
4.67	1021.042383	-734.417740	286.624643
4.675	1020.674828	-734.056409	286.618419
4.68	1019.553796	-732.936048	286.617748
4.685	1017.702767	-731.077926	286.624841
4.69	1015.266297	-728.628850	286.637447
4.695	1012.476612	-725.825849	286.650763
4.7	1009.585238	-722.924336	286.660902
4.705	1006.803643	-720.137230	286.666413
4.71	1004.273959	-717.607044	286.666914
4.715	1002.058942	-715.396390	286.662552
4.72	1000.147193	-713.491225	286.655968
4.725	998.490214	-711.838374	286.651840
4.73	997.058248	-710.406467	286.651781
4.735	995.857943	-709.205465	286.652478
4.74	994.897696	-708.245483	286.652213
4.745	994.171755	-707.516975	286.654780
4.75	993.698574	-707.036937	286.661637
4.755	993.528771	-706.862971	286.665800
4.76	993.664138	-707.003596	286.660542
4.765	993.985132	-707.335920	286.649212
4.77	994.296696	-707.655750	286.640946
4.775	994.450765	-707.808980	286.641785
4.78	994.438858	-707.785668	286.653190
4.785	994.419574	-707.745633	286.673942
4.79	994.691782	-707.993175	286.698607
4.795	995.599448	-708.883754	286.715694
4.8	997.363523	-710.650078	286.713445
4.805	999.924716	-713.234370	286.690346
4.81	1002.924785	-716.267566	286.657219
4.815	1005.852167	-719.223565	286.628602
4.82	1008.246820	-721.632684	286.614136
4.825	1009.847178	-723.230900	286.616279
4.83	1010.636656	-724.004616	286.632040
4.835	1010.806256	-724.151074	286.655182
4.84	1010.664752	-723.986751	286.678001
4.845	1010.526298	-723.832844	286.693455
4.85	1010.608518	-723.910886	286.697632
4.855	1010.974889	-724.283913	286.690977
4.86	1011.537137	-724.860055	286.677082
4.865	1012.103361	-725.442873	286.660488
4.87	1012.444950	-725.799086	286.645864
4.875	1012.369163	-725.730794	286.638369
4.88	1011.796009	-725.153140	286.642869
4.885	1010.824496	-724.163214	286.661282
4.89	1009.751552	-723.061746	286.689806
4.895	1009.006642	-722.288498	286.718144
4.9	1008.997387	-722.264126	286.733261
4.905	1009.928634	-723.199889	286.728745
4.91	1011.716928	-725.006359	286.710569
4.915	1014.064933	-727.375262	286.689672
4.92	1016.609191	-729.937470	286.671721
4.925	1019.015577	-732.358802	286.656775
4.93	1021.001964	-734.357819	286.644145
4.935	1022.339788	-735.705467	286.634322
4.94	1022.863344	-736.235625	286.627719
4.945	1022.476888	-735.853375	286.623513
4.95	1021.147358	-734.526892	286.620466
4.955	1018.895261	-732.275500	286.619760
4.96	1015.820780	-729.192784	286.627996
4.965	1012.195050	-725.539912	286.655138
4.97	1008.563436	-721.863531	286.699905
4.975	1005.661389	-718.928809	286.732581
4.98	1003.994533	-717.276752	286.717781
4.985	1003.418378	-716.751473	286.666906
4.99	1003.280712	-716.654401	286.626311
4.995	1002.993823	-716.374112	286.619711
5	1002.387574	-715.750550	286.637024
5.005	1001.633964	-714.974363	286.659601
5.01	1001.011255	-714.334252	286.677003
5.015	1000.742248	-714.056524	286.685723
5.02	1000.925365	-714.242184	286.683180
5.025	1001.498328	-714.830141	286.668187
5.03	1002.234767	-715.589455	286.645312
5.035	1002.820699	-716.194452	286.626247
5.04	1003.023195	-716.397420	286.625774
5.045	1002.886549	-716.234657	286.651891
5.05	1002.812270	-716.119020	286.693250
5.055	1003.375662	-716.655083	286.720579
5.06	1004.938085	-718.223858	286.714227
5.065	1007.397934	-720.712282	286.685652
5.07	1010.327012	-723.665993	286.661019
5.075	1013.312214	-726.657454	286.654760
5.08	1016.169608	-729.506904	286.662704
5.085	1018.910794	-732.240119	286.670675
5.09	1021.565293	-734.897349	286.667945
5.095	1024.038439	-737.383496	286.654943
5.1	1026.107712	-739.468816	286.638896
5.105	1027.513334	-740.887796	286.625538
5.11	1028.042619	-741.425660	286.616959
5.115	1027.569854	-740.955872	286.613981
5.12	1026.072564	-739.455074	286.617490
5.125	1023.641753	-737.014019	286.627734
5.13	1020.480594	-733.837146	286.643448
5.135	1016.881323	-730.219555	286.661769
5.14	1013.179047	-726.500331	286.678716
5.145	1009.689818	-722.999745	286.690072
5.15	1006.646798	-719.954074	286.692723
5.155	1004.154668	-717.468304	286.686363
5.16	1002.185895	-715.511158	286.674738
5.165	1000.632539	-713.968067	286.664472
5.17	999.394051	-712.733236	286.660815
5.175	998.445998	-711.782107	286.663891
5.18	997.843722	-711.174156	286.669566
5.185	997.670165	-710.996737	286.673428
5.19	997.976347	-711.302963	286.673384
5.195	998.751065	-712.081270	286.669795
5.2	999.926029	-713.261289	286.664740
5.205	1001.405893	-714.745195	286.660698
5.21	1003.102301	-716.443835	286.658466
5.215	1004.944566	-718.288500	286.656067
5.22	1006.855426	-720.204878	286.650548
5.225	1008.715783	-722.074532	286.641250
5.23	1010.359296	-723.728231	286.631064
5.235	1011.613301	-724.988608	286.624693
5.24	1012.364477	-725.738558	286.625919
5.245	1012.611501	-725.975990	286.635511
5.25	1012.473783	-725.823589	286.650195
5.255	1012.143301	-725.479684	286.663617
5.26	1011.796742	-725.126636	286.670106
5.265	1011.519885	-724.850831	286.669054
5.27	1011.299472	-724.633955	286.665516
5.275	1011.088447	-724.422604	286.665844
5.28	1010.888046	-724.215811	286.672235
5.285	1010.775403	-724.094686	286.680717
5.29	1010.849992	-724.165886	286.684105
5.295	1011.139518	-724.461391	286.678128
5.3	1011.545941	-724.880214	286.665727
5.305	1011.885545	-725.230567	286.654978
5.31	1011.996790	-725.344121	286.652670
5.315	1011.834924	-725.174862	286.660062
5.32	1011.495060	-724.821532	286.673528
5.325	1011.166650	-724.478888	286.687762
5.33	1011.059770	-724.361238	286.698532
5.335	1011.341486	-724.637889	286.703597
5.34	1012.097910	-725.395676	286.702233
5.345	1013.319640	-726.624678	286.694963
5.35	1014.909398	-728.225111	286.684288
5.355	1016.718899	-730.044207	286.674692
5.36	1018.610536	-731.940350	286.670186
5.365	1020.511381	-733.840089	286.671292
5.37	1022.422144	-735.747306	286.674839
5.375	1024.378971	-737.701865	286.677105
5.38	1026.408210	-739.730551	286.677659
5.385	1028.522246	-741.841992	286.680254
5.39	1030.762480	-744.074313	286.688167
5.395	1033.224888	-746.528320	286.696568
5.4	1035.982569	-749.289214	286.693355
5.405	1038.935091	-752.261285	286.673806
5.41	1041.759763	-755.110426	286.649337
5.415	1044.059292	-757.424063	286.635229
5.42	1045.565842	-758.929743	286.636099
5.425	1046.220066	-759.574093	286.645973
5.43	1046.107252	-759.450616	286.656636
5.435	1045.350641	-758.686832	286.663809
5.44	1044.047966	-757.380281	286.667686
5.445	1042.266231	-755.596185	286.670046
5.45	1040.061939	-753.390009	286.671930
5.455	1037.495692	-750.822206	286.673486
5.46	1034.635938	-747.960981	286.674957
5.465	1031.562270	-744.885083	286.677187
5.47	1028.374450	-741.693351	286.681100
5.475	1025.201190	-738.514324	286.686866
5.48	1022.198662	-735.505025	286.693638
5.485	1019.534457	-732.834846	286.699610
5.49	1017.358321	-730.655836	286.702485
5.495	1015.769077	-729.067877	286.701199
5.5	1014.799628	-728.102413	286.697215
5.505	1014.431304	-727.739130	286.692174
5.51	1014.609344	-727.924679	286.684666
5.515	1015.226965	-728.554735	286.672230
5.52	1016.102458	-729.446305	286.656154
5.525	1017.001582	-730.360333	286.641249
5.53	1017.703365	-731.071845	286.631520
5.535	1018.058467	-731.430574	286.627893
5.54	1018.007295	-731.378357	286.628938
5.545	1017.562879	-730.930658	286.632221
5.55	1016.777429	-730.142062	286.635367
5.555	1015.709446	-729.072636	286.636810
5.56	1014.403271	-727.767029	286.636242
5.565	1012.888758	-726.253588	286.635170
5.57	1011.207042	-724.570027	286.637014
5.575	1009.454031	-722.810520	286.643511
5.58	1007.783141	-721.136560	286.646581
5.585	1006.277666	-719.648708	286.628957
5.59	1004.740564	-718.153842	286.586722
5.595	1002.679227	-716.132781	286.546446
5.6	999.663769	-713.118366	286.545403
5.605	995.813838	-709.215122	286.598716
5.61	991.977577	-705.295513	286.682064
5.615	989.371565	-702.627334	286.744231
5.62	988.895827	-702.142073	286.753754
5.625	990.700742	-703.978590	286.722152
5.63	994.292983	-707.617537	286.675446
5.635	998.892883	-712.261481	286.631402
5.64	1003.725517	-717.126738	286.598779
5.645	1008.178744	-721.598971	286.579773
5.65	1011.858672	-725.285151	286.573520
5.655	1014.593516	-728.013376	286.580141
5.66	1016.435240	-729.834628	286.600612
5.665	1017.655032	-731.023633	286.631399
5.67	1018.670585	-732.009780	286.660805
5.675	1019.875507	-733.199535	286.675972
5.68	1021.465658	-734.790900	286.674758
5.685	1023.400504	-736.735267	286.665237
5.69	1025.495721	-738.841800	286.653922
5.695	1027.514321	-740.873524	286.640797
5.7	1029.188572	-742.563460	286.625112
5.705	1030.228550	-743.618119	286.610431
5.71	1030.377152	-743.774301	286.602851
5.715	1029.495451	-742.888729	286.606723
5.72	1027.626367	-741.003423	286.622943
5.725	1025.010171	-738.360391	286.649780
5.73	1022.055602	-735.372549	286.683054
5.735	1019.267473	-732.552489	286.714983
5.74	1017.124790	-730.389057	286.735733
5.745	1015.939005	-729.199866	286.739139
5.75	1015.765689	-729.039196	286.726493
5.755	1016.417559	-729.713275	286.704283
5.76	1017.554288	-730.874447	286.679841
5.765	1018.792618	-732.133446	286.659173
5.77	1019.800980	-733.154526	286.646454
5.775	1020.364597	-733.721433	286.643164
5.78	1020.408508	-733.761170	286.647338
5.785	1019.972417	-733.317377	286.655040
5.79	1019.158599	-732.495076	286.663523
5.795	1018.092078	-731.419558	286.672521
5.8	1016.910110	-730.227621	286.682489
5.805	1015.762302	-729.069558	286.692743
5.81	1014.799003	-728.097327	286.701676
5.815	1014.148604	-727.440609	286.707995
5.82	1013.898335	-727.187019	286.711316
5.825	1014.087008	-727.375148	286.711860
5.83	1014.707333	-727.997229	286.710105
5.835	1015.713204	-729.006504	286.706700
5.84	1017.029249	-730.327172	286.702077
5.845	1018.556770	-731.861031	286.695738
5.85	1020.168528	-733.482123	286.686405
5.855	1021.695695	-735.022254	286.673442
5.86	1022.924991	-736.266708	286.658283
5.865	1023.623576	-736.979126	286.644449
5.87	1023.591384	-736.955258	286.636125
5.875	1022.721513	-736.085212	286.636301
5.88	1021.042513	-734.397127	286.645385
5.885	1018.722703	-732.061847	286.660856
5.89	1016.032107	-729.353819	286.678288
5.895	1013.276571	-726.583297	286.693275
5.9	1010.730455	-724.027478	286.702976
5.905	1008.590813	-721.883997	286.706816
5.91	1006.964889	-720.258346	286.706543
5.915	1005.890357	-719.185445	286.704913
5.92	1005.368903	-718.665744	286.703158
5.925	1005.382205	-718.682065	286.700140
5.93	1005.880877	-719.186298	286.694580
5.935	1006.772353	-720.084884	286.687470
5.94	1007.936116	-721.254509	286.681607
5.945	1009.261081	-722.582046	286.679035
5.95	1010.674022	-723.994652	286.679370
5.955	1012.137248	-725.456826	286.680422
5.96	1013.622242	-726.942153	286.680089
5.965	1015.083251	-728.405502	286.677749
5.97	1016.450086	-729.775682	286.674404
5.975	1017.643120	-730.971225	286.671895
5.98	1018.600801	-731.928763	286.672038
5.985	1019.307782	-732.631535	286.676247
5.99	1019.817089	-733.131604	286.685485
5.995	1020.263028	-733.563292	286.699736
6	1020.855152	-734.138708	286.716445
6.005	1021.833298	-735.104059	286.729239
6.01	1023.373180	-736.643147	286.730033
6.015	1025.476689	-738.761830	286.714859
6.02	1027.921682	-741.233969	286.687714
6.025	1030.317844	-743.660055	286.657790
6.03	1032.235582	-745.601778	286.633804
6.035	1033.334524	-746.713669	286.620855
6.04	1033.442854	-746.822913	286.619941
6.045	1032.574380	-745.946197	286.628183
6.05	1030.886885	-744.247011	286.639874
6.055	1028.600701	-741.951311	286.649390
6.06	1025.918878	-739.264223	286.654654
6.065	1022.993707	-736.335799	286.657908
6.07	1019.949960	-733.286956	286.663004
6.075	1016.931688	-730.259654	286.672034
6.08	1014.127673	-727.444060	286.683613
6.085	1011.749835	-725.056876	286.692959
6.09	1009.966621	-723.272568	286.694053
6.095	1008.824365	-722.140466	286.683899
6.1	1008.214628	-721.548206	286.666422
6.105	1007.936810	-721.284218	286.652592
6.11	1007.849976	-721.195629	286.654346
6.115	1008.018859	-721.346759	286.672100
6.12	1008.693061	-722.005336	286.687725
6.125	1010.067949	-723.384676	286.683273
6.13	1012.069379	-725.403421	286.665958
6.135	1014.430075	-727.775456	286.654618
6.14	1016.913216	-730.261622	286.651594
6.145	1019.368568	-732.722679	286.645889
6.15	1021.625153	-734.992448	286.632706
6.155	1023.437547	-736.819129	286.618418
6.16	1024.563906	-737.952551	286.611355
6.165	1024.878051	-738.263546	286.614504
6.17	1024.418641	-737.792986	286.625655
6.175	1023.366721	-736.725720	286.641001
6.18	1021.997306	-735.338241	286.659064
6.185	1020.657307	-733.974744	286.682563
6.19	1019.782085	-733.069545	286.712540
6.195	1019.862398	-733.126729	286.735669
6.2	1021.231289	-734.503116	286.728173
6.205	1023.764961	-737.079206	286.685755
6.21	1026.839575	-740.207348	286.632227
6.215	1029.635310	-743.044111	286.591199
6.22	1031.476292	-744.906589	286.569703
6.225	1031.975331	-745.410012	286.565319
6.23	1031.029247	-744.454899	286.574348
6.235	1028.771679	-742.177772	286.593908
6.24	1025.525797	-738.904408	286.621389
6.245	1021.754923	-735.101898	286.653026
6.25	1017.993221	-731.310804	286.682417
6.255	1014.741452	-728.040239	286.701213
6.26	1012.343451	-725.640155	286.703296
6.265	1010.900418	-724.210893	286.689525
6.27	1010.284054	-723.615276	286.668778
6.275	1010.259437	-723.605561	286.653876
6.28	1010.653573	-724.001296	286.652277
6.285	1011.440359	-724.783576	286.656783
6.29	1012.641082	-725.989456	286.651627
6.295	1014.138292	-727.503947	286.634345
6.3	1015.654129	-729.033428	286.620701
6.305	1016.943709	-730.320286	286.623424
6.31	1017.965742	-731.326729	286.639013
6.315	1018.859334	-732.203182	286.656152
6.32	1019.808382	-733.139799	286.668583
6.325	1020.953038	-734.275010	286.678029
6.33	1022.395414	-735.707980	286.687434
6.335	1024.224608	-737.530210	286.694399
6.34	1026.481898	-739.789754	286.692144
6.345	1029.075666	-742.399798	286.675868
6.35	1031.725475	-745.077547	286.647927
6.355	1034.003266	-747.385303	286.617963
6.36	1035.475381	-748.876259	286.599121
6.365	1035.894110	-749.290647	286.603463
6.37	1035.365671	-748.729502	286.636168
6.375	1034.400641	-747.713554	286.687087
6.38	1033.742551	-747.013319	286.729232
6.385	1033.992082	-747.253801	286.738280
6.39	1035.284281	-748.569190	286.715090
6.395	1037.281873	-750.603039	286.678834
6.4	1039.419544	-752.773786	286.645758
6.405	1041.146825	-754.524141	286.622684
6.41	1042.054788	-755.443537	286.611251
6.415	1041.918614	-755.307385	286.611229
6.42	1040.701885	-754.080506	286.621379
6.425	1038.539165	-751.899950	286.639215
6.43	1035.696317	-749.035769	286.660548
6.435	1032.505450	-745.825561	286.679889
6.44	1029.283073	-742.590737	286.692336
6.445	1026.258668	-739.562505	286.696163
6.45	1023.548075	-736.853924	286.694151
6.455	1021.188148	-734.495986	286.692162
6.46	1019.212177	-732.516817	286.695360
6.465	1017.715109	-731.010662	286.704447
6.47	1016.858913	-730.144212	286.714701
6.475	1016.806524	-730.087590	286.718934
6.48	1017.624450	-730.911971	286.712479
6.485	1019.219593	-732.523308	286.696285
6.49	1021.351089	-734.675397	286.675692
6.495	1023.703028	-737.046524	286.656504
6.5	1025.968024	-739.325956	286.642068
6.505	1027.901540	-741.268423	286.633116
6.51	1029.340872	-742.711699	286.629173
6.515	1030.204565	-743.574913	286.629652
6.52	1030.487012	-743.852920	286.634091
6.525	1030.252484	-743.610539	286.641945
6.53	1029.626203	-742.973876	286.652326
6.535	1028.778836	-742.114997	286.663839
6.54	1027.902739	-741.227969	286.674770
6.545	1027.183662	-740.499914	286.683748
6.55	1026.776405	-740.086418	286.689987
6.555	1026.787432	-740.094894	286.692538
6.56	1027.257377	-740.567399	286.689978
6.565	1028.142705	-741.460747	286.681958
6.57	1029.315711	-742.644668	286.671043
6.575	1030.602842	-743.940890	286.661952
6.58	1031.849040	-745.191001	286.658039
6.585	1032.963046	-746.304739	286.658307
6.59	1033.906825	-747.248599	286.658226
6.595	1034.639856	-747.986114	286.653742
6.6	1035.068707	-748.424165	286.644541
6.605	1035.044203	-748.410321	286.633882
6.61	1034.406436	-747.780315	286.626121
6.615	1033.046788	-746.422205	286.624583
6.62	1030.957654	-744.326635	286.631019
6.625	1028.259568	-741.613536	286.646033
6.63	1025.208308	-738.539201	286.669107
6.635	1022.179765	-735.482483	286.697282
6.64	1019.615386	-732.892002	286.723384
6.645	1017.910499	-731.173569	286.736931
6.65	1017.266390	-730.536487	286.729903
6.655	1017.584876	-730.881420	286.703456
6.66	1018.488822	-731.820550	286.668272
6.665	1019.472245	-732.834162	286.638083
6.67	1020.097839	-733.474746	286.623093
6.675	1020.150905	-733.523398	286.627507
6.68	1019.706947	-733.057031	286.649916
6.685	1019.111144	-732.427056	286.684088
6.69	1018.879674	-732.160251	286.719424
6.695	1019.534888	-732.792276	286.742612
6.7	1021.408814	-734.665617	286.743198
6.705	1024.497752	-737.776444	286.721308
6.71	1028.464615	-741.775849	286.688766
6.715	1032.796122	-746.136479	286.659643
6.72	1036.996326	-750.356079	286.640247
6.725	1040.689193	-754.060343	286.628850
6.73	1043.616679	-756.994412	286.622268
6.735	1045.607241	-758.987152	286.620088
6.74	1046.570227	-759.946966	286.623261
6.745	1046.505142	-759.874200	286.630942
6.75	1045.489278	-758.849466	286.639812
6.755	1043.634280	-756.988149	286.646132
6.76	1041.036866	-754.388666	286.648199
6.765	1037.755554	-751.108405	286.647149
6.77	1033.825310	-747.179309	286.646002
6.775	1029.298949	-742.650678	286.648271
6.78	1024.296218	-737.639169	286.657049
6.785	1019.044518	-732.370582	286.673936
6.79	1013.892491	-727.195472	286.697019
6.795	1009.270664	-722.550874	286.719790
6.8	1005.592493	-718.858017	286.734476
6.805	1003.143481	-716.405485	286.737996
6.81	1002.030768	-715.297818	286.732951
6.815	1002.207017	-715.484218	286.722800
6.82	1003.516808	-716.807400	286.709407
6.825	1005.732837	-719.037885	286.694953
6.83	1008.594427	-721.912237	286.682190
6.835	1011.849299	-725.177075	286.672224
6.84	1015.275339	-728.611125	286.664214
6.845	1018.678030	-732.020573	286.657458
6.85	1021.886538	-735.233870	286.652667
6.855	1024.764518	-738.113415	286.651102
6.86	1027.227022	-740.573928	286.653094
6.865	1029.245858	-742.588222	286.657636
6.87	1030.837558	-744.174426	286.663132
6.875	1032.042467	-745.374211	286.668256
6.88	1032.905899	-746.233733	286.672166
6.885	1033.465208	-746.790947	286.674261
6.89	1033.740932	-747.066808	286.674123
6.895	1033.732203	-747.060193	286.672011
6.9	1033.423034	-746.753395	286.669638
6.905	1032.808534	-746.138168	286.670366
6.91	1031.940555	-745.262824	286.677731
6.915	1030.969928	-744.277703	286.692225
6.92	1030.142261	-743.433752	286.708509
6.925	1029.716533	-742.999385	286.717148
6.93	1029.836121	-743.124520	286.711602
6.935	1030.442405	-743.748562	286.693843
6.94	1031.299786	-744.627714	286.672072
6.945	1032.105389	-745.451685	286.653705
6.95	1032.596579	-745.955023	286.641556
6.955	1032.602999	-745.967434	286.635564
6.96	1032.057305	-745.421416	286.635889
6.965	1030.998857	-744.356073	286.642784
6.97	1029.569812	-742.915990	286.653822
6.975	1027.974829	-741.311415	286.663414
6.98	1026.403926	-739.737035	286.666892
6.985	1024.969438	-738.304834	286.664604
6.99	1023.706654	-737.045607	286.661047
6.995	1022.628009	-735.967793	286.660216
7	1021.771719	-735.109984	286.661735
7.005	1021.197231	-734.535047	286.662184
7.01	1020.947277	-734.285779	286.661498
7.015	1021.048855	-734.384063	286.664792
7.02	1021.564576	-734.891348	286.673228
7.025	1022.591268	-735.914003	286.677264
7.03	1024.141400	-737.474785	286.666616
7.035	1026.027120	-739.382299	286.644821
7.04	1027.911929	-741.284901	286.627028
7.045	1029.504976	-742.880524	286.624452
7.05	1030.711717	-744.076855	286.634862
7.055	1031.613986	-744.967694	286.646292
7.06	1032.319216	-745.671270	286.647945
7.065	1032.821316	-746.181947	286.639369
7.07	1032.993352	-746.363169	286.630183
7.075	1032.709732	-746.078981	286.630751
7.08	1031.983203	-745.338992	286.644211
7.085	1031.011977	-744.345367	286.666609
7.09	1030.126227	-743.435601	286.690626
7.095	1029.675923	-742.968758	286.707165
7.1	1029.891790	-743.184706	286.707084
7.105	1030.757360	-744.070796	286.686564
7.11	1031.962487	-745.311412	286.651075
7.115	1032.984025	-746.371720	286.612305
7.12	1033.255076	-746.673424	286.581651
7.125	1032.336761	-745.770734	286.566027
7.13	1030.030035	-743.462851	286.567184
7.135	1026.413645	-739.829898	286.583747
7.14	1021.835595	-735.220257	286.615338
7.145	1016.908569	-730.243547	286.665022
7.15	1012.515205	-725.786237	286.728968
7.155	1009.669677	-722.893481	286.776196
7.16	1009.057891	-722.290632	286.767258
7.165	1010.562336	-723.850807	286.711530
7.17	1013.379852	-726.723606	286.656246
7.175	1016.615762	-729.988297	286.627466
7.18	1019.695221	-733.072717	286.622505
7.185	1022.397331	-735.766424	286.630907
7.19	1024.725639	-738.082561	286.643078
7.195	1026.766004	-740.114051	286.651953
7.2	1028.582267	-741.926699	286.655568
7.205	1030.181937	-743.525266	286.656671
7.21	1031.544654	-744.886294	286.658360
7.215	1032.660615	-745.999558	286.661057
7.22	1033.539293	-746.875739	286.663554
7.225	1034.196989	-747.531483	286.665505
7.23	1034.651998	-747.984085	286.667913
7.235	1034.933830	-748.262621	286.671209
7.24	1035.083934	-748.410532	286.673402
7.245	1035.125702	-748.455191	286.670511
7.25	1035.011443	-748.351819	286.659624
7.255	1034.588140	-747.945510	286.642630
7.26	1033.629249	-747.002406	286.626843
7.265	1031.938185	-745.317010	286.621175
7.27	1029.473778	-742.842240	286.631537
7.275	1026.433980	-739.775511	286.658469
7.28	1023.256307	-736.560894	286.695413
7.285	1020.508081	-733.780617	286.727464
7.29	1018.665844	-731.928696	286.737148
7.295	1017.879574	-731.160697	286.718878
7.3	1017.901554	-731.216169	286.685385
7.305	1018.251032	-731.595587	286.655445
7.31	1018.469735	-731.830327	286.639408
7.315	1018.282706	-731.645609	286.637097
7.32	1017.617144	-730.973891	286.643253
7.325	1016.539331	-729.887096	286.652235
7.33	1015.175604	-728.515767	286.659838
7.335	1013.648857	-726.985415	286.663442
7.34	1012.038254	-725.376089	286.662166
7.345	1010.366909	-723.709217	286.657692
7.35	1008.626466	-721.972087	286.654379
7.355	1006.833684	-720.177317	286.656368
7.36	1005.078261	-718.414990	286.663270
7.365	1003.513411	-716.842360	286.671051
7.37	1002.305564	-715.626877	286.678687
7.375	1001.616451	-714.927308	286.689143
7.38	1001.623101	-714.922284	286.700816
7.385	1002.480956	-715.777761	286.703195
7.39	1004.185637	-717.500366	286.685272
7.395	1006.437789	-719.790438	286.647351
7.4	1008.656774	-722.054187	286.602588
7.405	1010.164408	-723.597135	286.567273
7.41	1010.419628	-723.868099	286.551529
7.415	1009.178582	-722.620736	286.557845
7.42	1006.545337	-719.961487	286.583850
7.425	1002.940082	-716.315930	286.624152
7.43	999.012433	-712.341247	286.671186
7.435	995.517734	-708.801258	286.716476
7.44	993.175484	-706.424180	286.751304
7.445	992.523812	-705.756775	286.767037
7.45	993.787462	-707.028855	286.758607
7.455	996.810599	-710.080987	286.729612
7.46	1001.113845	-714.422015	286.691830
7.465	1006.063209	-719.405373	286.657836
7.47	1011.055728	-724.421336	286.634392
7.475	1015.632946	-729.010732	286.622215
7.48	1019.509290	-732.889997	286.619294
7.485	1022.552534	-735.929578	286.622956
7.49	1024.746527	-738.116374	286.630153
7.495	1026.146509	-739.508537	286.637971
7.5	1026.836554	-740.191812	286.644742
7.505	1026.902819	-740.252601	286.650218
7.51	1026.424486	-739.770191	286.654295
7.515	1025.468353	-738.812168	286.656185
7.52	1024.078091	-737.422734	286.655357
7.525	1022.267560	-735.615127	286.652433
7.53	1020.026963	-733.378727	286.648235
7.535	1017.331902	-730.689205	286.642696
7.54	1014.145418	-727.509316	286.636103
7.545	1010.428148	-723.796957	286.631191
7.55	1006.178719	-719.546250	286.632469
7.555	1001.493750	-714.850918	286.642832
7.56	996.604794	-709.943694	286.661099
7.565	991.859616	-705.177046	286.682571
7.57	987.653500	-700.951863	286.701637
7.575	984.345263	-697.630793	286.714470
7.58	982.195403	-695.475173	286.720230
7.585	981.344417	-694.624093	286.720324
7.59	981.823830	-695.107059	286.716771
7.595	983.579470	-696.868588	286.710882
7.6	986.488172	-699.785807	286.702365
7.605	990.357165	-703.667368	286.689796
7.61	994.913853	-708.241047	286.672806
7.615	999.810905	-713.157687	286.653217
7.62	1004.659079	-718.025330	286.633749
7.625	1009.073020	-722.456469	286.616551
7.63	1012.710867	-726.107826	286.603041
7.635	1015.302688	-728.708476	286.594212
7.64	1016.670168	-730.079567	286.590601
7.645	1016.737715	-730.145558	286.592157
7.65	1015.534403	-728.935819	286.598584
7.655	1013.192029	-726.581747	286.610282
7.66	1009.950559	-723.321600	286.628958
7.665	1006.174886	-719.518771	286.656116
7.67	1002.357595	-715.668943	286.688651
7.675	999.051590	-712.336074	286.715515
7.68	996.704282	-709.980971	286.723311
7.685	995.477595	-708.768479	286.709116
7.69	995.208659	-708.524632	286.684026
7.695	995.551825	-708.889692	286.662133
7.7	996.171742	-709.521701	286.650041
7.705	996.848847	-710.202692	286.646155
7.71	997.473383	-710.827867	286.645516
7.715	997.985789	-711.341549	286.644241
7.72	998.323905	-711.683262	286.640643
7.725	998.397804	-711.763620	286.634184
7.73	998.084612	-711.459373	286.625239
7.735	997.239736	-710.624018	286.615718
7.74	995.729448	-709.120391	286.609056
7.745	993.485006	-706.874933	286.610073
7.75	990.574824	-703.950123	286.624701
7.755	987.281741	-700.625017	286.656724
7.76	984.130913	-697.430939	286.699974
7.765	981.771114	-695.036923	286.734191
7.77	980.687800	-693.948605	286.739195
7.775	980.944147	-694.227012	286.717136
7.78	982.204056	-695.515603	286.688453
7.785	983.993028	-697.324674	286.668354
7.79	985.925032	-699.265939	286.659093
7.795	987.770072	-701.112199	286.657874
7.8	989.433522	-702.771053	286.662469
7.805	990.923179	-704.252529	286.670650
7.81	992.309809	-705.631424	286.678385
7.815	993.665783	-706.985073	286.680710
7.82	994.996326	-708.321128	286.675198
7.825	996.207843	-709.543244	286.664599
7.83	997.145615	-710.489984	286.655632
7.835	997.684272	-711.029518	286.654753
7.84	997.814541	-711.150436	286.664105
7.845	997.670722	-710.990639	286.680083
7.85	997.479430	-710.784011	286.695419
7.855	997.459202	-710.755310	286.703892
7.86	997.734175	-711.029826	286.704349
7.865	998.314089	-711.613583	286.700505
7.87	999.138833	-712.441959	286.696874
7.875	1000.137133	-713.442064	286.695069
7.88	1001.251854	-714.558126	286.693727
7.885	1002.427931	-715.736912	286.691019
7.89	1003.592587	-716.905977	286.686610
7.895	1004.653351	-717.971737	286.681614
7.9	1005.515527	-718.837938	286.677589
7.905	1006.106758	-719.430909	286.675849
7.91	1006.398379	-719.721127	286.677252
7.915	1006.419069	-719.736960	286.682109
7.92	1006.258940	-719.568803	286.690137
7.925	1006.062363	-719.362203	286.700160
7.93	1006.003698	-719.294629	286.709069
7.935	1006.233872	-719.522509	286.711363
7.94	1006.800637	-720.097954	286.702683
7.945	1007.594138	-720.908316	286.685822
7.95	1008.387534	-721.717210	286.670323
7.955	1008.962744	-722.298629	286.664115
7.96	1009.220316	-722.552700	286.667615
7.965	1009.196090	-722.520295	286.675795
7.97	1009.002636	-722.319028	286.683609
7.975	1008.763545	-722.073999	286.689546
7.98	1008.590171	-721.894393	286.695778
7.985	1008.604080	-721.898817	286.705263
7.99	1008.965349	-722.248171	286.717178
7.995	1009.848086	-723.123694	286.724391
8	1011.338325	-724.620700	286.717626
8.005	1013.314539	-726.620028	286.694511
8.01	1015.422568	-728.759348	286.663220
8.015	1017.187772	-730.551816	286.635956
8.02	1018.186227	-731.565454	286.620773
8.025	1018.168965	-731.549354	286.619611
8.03	1017.102823	-730.472042	286.630780
8.035	1015.152322	-728.501173	286.651148
8.04	1012.632134	-725.955548	286.676586
8.045	1009.941141	-723.239166	286.701975
8.05	1007.482888	-720.760741	286.722148
8.055	1005.587398	-718.853751	286.733648
8.06	1004.458058	-717.722126	286.735932
8.065	1004.159646	-717.428603	286.731043
8.07	1004.643645	-717.921499	286.722146
8.075	1005.791575	-719.079545	286.712029
8.08	1007.455453	-720.753160	286.702293
8.085	1009.483358	-722.789989	286.693369
8.09	1011.729385	-725.044335	286.685051
8.095	1014.054277	-727.377285	286.676992
8.1	1016.323317	-729.654412	286.668904
8.105	1018.404415	-731.743873	286.660543
8.11	1020.166978	-733.515123	286.651856
8.115	1021.484159	-734.840676	286.643483
8.12	1022.244631	-735.607523	286.637108
8.125	1022.376904	-735.742093	286.634811
8.13	1021.876374	-735.238972	286.637402
8.135	1020.813591	-734.170494	286.643098
8.14	1019.308039	-732.659961	286.648078
8.145	1017.476080	-730.827220	286.648860
8.15	1015.384828	-728.740022	286.644806
8.155	1013.045421	-726.406331	286.639090
8.16	1010.458192	-723.820708	286.637484
8.165	1007.691200	-721.045989	286.645211
8.17	1004.947851	-718.284386	286.663466
8.175	1002.577469	-715.889140	286.688330
8.18	1001.013901	-714.301303	286.712598
8.185	1000.662082	-713.934803	286.727278
8.19	1001.756532	-715.033712	286.722820
8.195	1004.225377	-717.530358	286.695019
8.2	1007.642345	-720.990528	286.651818
8.205	1011.342134	-724.732478	286.609656
8.21	1014.649275	-728.067551	286.581724
8.215	1017.075147	-730.503333	286.571814
8.22	1018.395249	-731.817947	286.577302
8.225	1018.631613	-732.037141	286.594473
8.23	1018.005987	-731.385115	286.620872
8.235	1016.897455	-730.243491	286.653964
8.24	1015.790435	-729.102237	286.688198
8.245	1015.181076	-728.466427	286.714649
8.25	1015.446017	-728.720037	286.725980
8.255	1016.739587	-730.017266	286.722321
8.26	1018.990505	-732.279983	286.710522
8.265	1021.989821	-735.291981	286.697841
8.27	1025.493505	-738.805734	286.687771
8.275	1029.281185	-742.600712	286.680472
8.28	1033.167767	-746.493253	286.674514
8.285	1036.988368	-750.320529	286.667839
8.29	1040.573200	-753.914466	286.658734
8.295	1043.728817	-757.081416	286.647400
8.3	1046.246603	-759.609657	286.636947
8.305	1047.950036	-761.317459	286.632577
8.31	1048.769081	-762.129618	286.639463
8.315	1048.810539	-762.150514	286.660025
8.32	1048.382311	-761.691764	286.690547
8.325	1047.925362	-761.206242	286.719120
8.33	1047.838464	-761.107694	286.730771
8.335	1048.276870	-761.556909	286.719961
8.34	1049.080747	-762.384458	286.696289
8.345	1049.898494	-763.223699	286.674795
8.35	1050.390965	-763.726828	286.664137
8.355	1050.365079	-763.700465	286.664615
8.36	1049.794541	-763.122264	286.672277
8.365	1048.772014	-762.089540	286.682474
8.37	1047.443023	-760.751654	286.691369
8.375	1045.947913	-759.251465	286.696449
8.38	1044.382681	-757.685800	286.696880
8.385	1042.784769	-756.091014	286.693755
8.39	1041.146346	-754.456702	286.689644
8.395	1039.447344	-752.760288	286.687055
8.4	1037.686992	-751.000414	286.686578
8.405	1035.890148	-749.203791	286.686357
8.41	1034.082492	-747.398850	286.683642
8.415	1032.255142	-745.577889	286.677253
8.42	1030.350709	-743.681762	286.668947
8.425	1028.288698	-741.625952	286.662746
8.43	1026.021547	-739.358626	286.662921
8.435	1023.593435	-736.921618	286.671817
8.44	1021.171085	-734.482641	286.688444
8.445	1019.026784	-732.318359	286.708425
8.45	1017.473768	-730.748230	286.725538
8.455	1016.776152	-730.041901	286.734251
8.46	1017.068585	-730.336754	286.731831
8.465	1018.315286	-731.596343	286.718943
8.47	1020.318475	-733.619533	286.698942
8.475	1022.767720	-736.091070	286.676650
8.48	1025.312298	-738.655377	286.656921
8.485	1027.634358	-740.991320	286.643039
8.49	1029.499668	-742.864064	286.635604
8.495	1030.770968	-744.138107	286.632861
8.5	1031.388893	-744.756277	286.632616
8.505	1031.346078	-744.711601	286.634477
8.51	1030.683335	-744.042820	286.640515
8.515	1029.516063	-742.862389	286.653674
8.52	1028.069859	-741.394714	286.675145
8.525	1026.689337	-739.987170	286.702167
8.53	1025.789493	-739.062267	286.727225
8.535	1025.742948	-739.002457	286.740492
8.54	1026.742782	-740.006751	286.736031
8.545	1028.722790	-742.006336	286.716454
8.55	1031.391660	-744.701396	286.690264
8.555	1034.349886	-747.684393	286.665493
8.56	1037.210787	-750.563726	286.647060
8.565	1039.683657	-753.045791	286.637866
8.57	1041.620296	-754.981987	286.638309
8.575	1043.014984	-756.371509	286.643475
8.58	1043.931671	-757.287517	286.644154
8.585	1044.383514	-757.748623	286.634891
8.59	1044.266077	-757.645573	286.620505
8.595	1043.418465	-756.807057	286.611408
8.6	1041.752605	-755.140299	286.612307
8.605	1039.312695	-752.695072	286.617623
8.61	1036.210394	-749.590853	286.619540
8.615	1032.533597	-745.914621	286.618975
8.62	1028.359531	-741.733954	286.625577
8.625	1023.874851	-737.226760	286.648091
8.63	1019.482317	-732.796612	286.685706
8.635	1015.776067	-729.050060	286.726007
8.64	1013.362140	-726.610084	286.752056
8.645	1012.625542	-725.870724	286.754818
8.65	1013.602348	-726.864236	286.738111
8.655	1016.022851	-729.310729	286.712123
8.66	1019.452044	-732.766485	286.685559
8.665	1023.423017	-736.759934	286.663083
8.67	1027.517634	-740.871493	286.646141
8.675	1031.399438	-744.764871	286.634566
8.68	1034.820590	-748.192440	286.628151
8.685	1037.624507	-750.997039	286.627468
8.69	1039.754704	-753.121417	286.633287
8.695	1041.261734	-754.616881	286.644853
8.7	1042.286508	-755.627932	286.658576
8.705	1043.005872	-756.336789	286.669083
8.71	1043.557025	-756.884457	286.672568
8.715	1043.983898	-757.314692	286.669206
8.72	1044.235879	-757.573808	286.662071
8.725	1044.207083	-757.552831	286.654252
8.73	1043.780588	-757.133267	286.647320
8.735	1042.855338	-756.213682	286.641656
8.74	1041.356841	-754.719507	286.637334
8.745	1039.242477	-752.607688	286.634789
8.75	1036.510687	-749.875520	286.635168
8.755	1033.217926	-746.577907	286.640019
8.76	1029.497526	-742.847497	286.650028
8.765	1025.563320	-738.899680	286.663640
8.77	1021.682239	-735.004804	286.677435
8.775	1018.122781	-731.434340	286.688441
8.78	1015.108148	-728.412587	286.695561
8.785	1012.792785	-726.094169	286.698616
8.79	1011.255084	-724.557531	286.697553
8.795	1010.497891	-723.804639	286.693253
8.8	1010.462664	-723.775032	286.687632
8.805	1011.055271	-724.373446	286.681825
8.81	1012.161587	-725.486862	286.674725
8.815	1013.636244	-726.972170	286.664075
8.82	1015.278511	-728.629333	286.649178
8.825	1016.828881	-730.196479	286.632403
8.83	1018.005394	-731.387328	286.618066
8.835	1018.566208	-731.956146	286.610061
8.84	1018.367837	-731.757420	286.610416
8.845	1017.398477	-730.779009	286.619469
8.85	1015.785736	-729.149142	286.636595
8.855	1013.786214	-727.125944	286.660270
8.86	1011.757620	-725.070226	286.687394
8.865	1010.106207	-723.393317	286.712890
8.87	1009.207130	-722.476473	286.730657
8.875	1009.313554	-722.577530	286.736024
8.88	1010.489275	-723.760890	286.728386
8.885	1012.599542	-725.887826	286.711716
8.89	1015.365638	-728.673625	286.692013
8.895	1018.449546	-731.775839	286.673707
8.9	1021.521309	-734.863308	286.658001
8.905	1024.285364	-737.641364	286.643999
8.91	1026.478174	-739.847076	286.631097
8.915	1027.867452	-741.246895	286.620557
8.92	1028.273836	-741.658592	286.615245
8.925	1027.612227	-740.994175	286.618052
8.93	1025.931819	-739.301641	286.630178
8.935	1023.430706	-736.780694	286.650012
8.94	1020.428981	-733.756085	286.672896
8.945	1017.298737	-730.606304	286.692433
8.95	1014.372506	-727.668624	286.703882
8.955	1011.877377	-725.169496	286.707881
8.96	1009.940186	-723.229968	286.710218
8.965	1008.655038	-721.939376	286.715661
8.97	1008.132538	-721.411693	286.720845
8.975	1008.448226	-721.732422	286.715804
8.98	1009.519252	-722.823549	286.695703
8.985	1011.050654	-724.382657	286.667997
8.99	1012.634482	-725.989300	286.645182
8.995	1013.920434	-727.285673	286.634761
9	1014.730615	-728.093540	286.637074
9.005	1015.074345	-728.426859	286.647486
9.01	1015.084659	-728.426093	286.658566
9.015	1014.912737	-728.249652	286.663085
9.02	1014.627196	-727.969360	286.657835
9.025	1014.169679	-727.524394	286.645285
9.03	1013.389051	-726.757156	286.631894
9.035	1012.134004	-725.508584	286.625420
9.04	1010.364679	-723.732318	286.632361
9.045	1008.240289	-721.585884	286.654405
9.05	1006.130904	-719.445991	286.684913
9.055	1004.514812	-717.803875	286.710937
9.06	1003.798519	-717.075890	286.722628
9.065	1004.178448	-717.458267	286.720181
9.07	1005.629112	-718.919286	286.709827
9.075	1007.978196	-721.281528	286.696668
9.08	1010.984122	-724.300360	286.683762
9.085	1014.391621	-727.717803	286.673818
9.09	1017.976002	-731.307869	286.668133
9.095	1021.565856	-734.900443	286.665413
9.1	1025.033875	-738.370215	286.663660
9.105	1028.276869	-741.614444	286.662424
9.11	1031.210891	-744.548573	286.662318
9.115	1033.777522	-747.114465	286.663057
9.12	1035.939177	-749.276337	286.662840
9.125	1037.656281	-750.996502	286.659780
9.13	1038.864289	-752.210456	286.653833
9.135	1039.474899	-752.827580	286.647319
9.14	1039.408099	-752.764486	286.643613
9.145	1038.638078	-751.992846	286.645233
9.15	1037.227304	-750.574532	286.652772
9.155	1035.332982	-748.668018	286.664964
9.16	1033.183371	-746.504800	286.678571
9.165	1031.021468	-744.333779	286.687688
9.17	1029.015094	-742.329329	286.685765
9.175	1027.169554	-740.497825	286.671729
9.18	1025.318663	-738.665759	286.652904
9.185	1023.224707	-736.585391	286.639316
9.19	1020.717658	-734.081280	286.636378
9.195	1017.779232	-731.135853	286.643379
9.2	1014.542608	-727.886364	286.656244
9.205	1011.238172	-724.567672	286.670500
9.21	1008.127527	-721.444248	286.683279
9.215	1005.456811	-718.762565	286.694246
9.22	1003.442245	-716.737722	286.704523
9.225	1002.273223	-715.559458	286.713765
9.23	1002.096935	-715.378690	286.718245
9.235	1002.963592	-716.250840	286.712751
9.24	1004.758679	-718.063577	286.695102
9.245	1007.179908	-720.510994	286.668914
9.25	1009.793711	-723.151836	286.641875
9.255	1012.148714	-725.527516	286.621198
9.26	1013.886136	-727.275908	286.610228
9.265	1014.800193	-728.191549	286.608645
9.27	1014.847941	-728.232354	286.615587
9.275	1014.145662	-727.513304	286.632357
9.28	1012.980552	-726.320113	286.660439
9.285	1011.807742	-725.112709	286.695033
9.29	1011.158258	-724.435492	286.722765
9.295	1011.444364	-724.714170	286.730193
9.3	1012.773555	-726.059281	286.714274
9.305	1014.904807	-728.221043	286.683764
9.31	1017.370647	-730.718212	286.652434
9.315	1019.674229	-733.044094	286.630135
9.32	1021.441568	-734.822320	286.619247
9.325	1022.476884	-735.858448	286.618436
9.33	1022.759571	-736.132197	286.627375
9.335	1022.439490	-735.792549	286.646940
9.34	1021.835219	-735.159835	286.675383
9.345	1021.390673	-734.685453	286.705220
9.35	1021.555958	-734.830912	286.725045
9.355	1022.619216	-735.894226	286.724991
9.36	1024.564362	-737.862452	286.701910
9.365	1027.031027	-740.368323	286.662704
9.37	1029.419552	-742.796873	286.622679
9.375	1031.110172	-744.512991	286.597182
9.38	1031.685025	-745.091522	286.593503
9.385	1031.044277	-744.434557	286.609720
9.39	1029.390890	-742.752614	286.638276
9.395	1027.125877	-740.456243	286.669634
9.4	1024.706993	-738.012277	286.694715
9.405	1022.512500	-735.805197	286.707304
9.41	1020.748882	-734.042152	286.706730
9.415	1019.438255	-732.739806	286.698449
9.42	1018.489333	-731.798912	286.690421
9.425	1017.803744	-731.115840	286.687904
9.43	1017.349436	-730.658428	286.691008
9.435	1017.165855	-730.469884	286.695971
9.44	1017.315212	-730.616790	286.698422
9.445	1017.823682	-731.127216	286.696466
9.45	1018.653336	-731.962162	286.691173
9.455	1019.711752	-733.027584	286.684168
9.46	1020.872633	-734.196591	286.676042
9.465	1021.989494	-735.321650	286.667844
9.47	1022.915395	-736.253480	286.661915
9.475	1023.534720	-736.875196	286.659524
9.48	1023.780649	-737.121553	286.659095
9.485	1023.618889	-736.960769	286.658120
9.49	1023.019544	-736.363383	286.656161
9.495	1021.953048	-735.297759	286.655289
9.5	1020.417080	-733.759020	286.658059
9.505	1018.470424	-731.804806	286.665617
9.51	1016.248780	-729.571360	286.677419
9.515	1013.956417	-727.264513	286.691904
9.52	1011.840611	-725.133771	286.706840
9.525	1010.153429	-723.434501	286.718928
9.53	1009.098311	-722.374619	286.723692
9.535	1008.764321	-722.047237	286.717085
9.54	1009.072127	-722.373703	286.698424
9.545	1009.769453	-723.097470	286.671983
9.55	1010.494987	-723.849542	286.645446
9.555	1010.890009	-724.263401	286.626607
9.56	1010.712810	-724.092074	286.620736
9.565	1009.916756	-723.287397	286.629359
9.57	1008.671576	-722.021555	286.650021
9.575	1007.323679	-720.646719	286.676960
9.58	1006.306764	-719.603815	286.702949
9.585	1006.029191	-719.307895	286.721297
9.59	1006.767161	-720.040357	286.726804
9.595	1008.583741	-721.866718	286.717023
9.6	1011.297204	-724.602417	286.694787
9.605	1014.528199	-727.859850	286.668349
9.61	1017.820435	-731.173838	286.646597
9.615	1020.771940	-734.138176	286.633764
9.62	1023.107959	-736.479128	286.628831
9.625	1024.682538	-738.053723	286.628815
9.63	1025.447345	-738.815353	286.631992
9.635	1025.430681	-738.791760	286.638921
9.64	1024.742722	-738.091244	286.651478
9.645	1023.595231	-736.924303	286.670927
9.65	1022.308906	-735.613073	286.695832
9.655	1021.279333	-734.558746	286.720587
9.66	1020.884746	-734.148492	286.736254
9.665	1021.355005	-734.619396	286.735609
9.67	1022.674000	-735.954131	286.719869
9.675	1024.598223	-737.899158	286.699065
9.68	1026.791451	-740.107609	286.683843
9.685	1028.973963	-742.295906	286.678057
9.69	1030.989838	-744.310645	286.679193
9.695	1032.787170	-746.104182	286.682988
9.7	1034.365472	-747.678952	286.686520
9.705	1035.734080	-749.045532	286.688548
9.71	1036.891586	-750.202851	286.688735
9.715	1037.819027	-751.131856	286.687171
9.72	1038.480550	-751.796203	286.684348
9.725	1038.830099	-752.148991	286.681108
9.73	1038.823236	-752.144742	286.678494
9.735	1038.432340	-751.754592	286.677749
9.74	1037.664889	-750.984483	286.680407
9.745	1036.584267	-749.896451	286.687817
9.75	1035.324866	-748.625084	286.699782
9.755	1034.083276	-747.370048	286.713228
9.76	1033.070196	-746.347563	286.722633
9.765	1032.432082	-745.709110	286.722972
9.77	1032.182763	-745.469521	286.713241
9.775	1032.190226	-745.492967	286.697258
9.78	1032.229001	-745.547933	286.681068
9.785	1032.065560	-745.395881	286.669678
9.79	1031.532773	-744.867291	286.665482
9.795	1030.568829	-743.900496	286.668333
9.8	1029.218819	-742.542490	286.676328
9.805	1027.609414	-740.922576	286.686838
9.81	1025.911397	-739.213890	286.697507
9.815	1024.304271	-737.597459	286.706812
9.82	1022.950876	-736.236960	286.713916
9.825	1021.981530	-735.263192	286.718339
9.83	1021.485046	-734.764874	286.720172
9.835	1021.509297	-734.788794	286.720504
9.84	1022.074756	-735.353968	286.720789
9.845	1023.191087	-736.470110	286.720978
9.85	1024.853700	-738.135309	286.718392
9.855	1027.008461	-740.299141	286.709320
9.86	1029.506258	-742.813925	286.692333
9.865	1032.089086	-745.419034	286.670052
9.87	1034.430202	-747.782331	286.647870
9.875	1036.212332	-749.581157	286.631175
9.88	1037.206022	-750.583056	286.622966
9.885	1037.313273	-750.690674	286.622599
9.89	1036.559458	-749.932894	286.626564
9.895	1035.047029	-748.415091	286.631937
9.9	1032.916594	-746.276836	286.639758
9.905	1030.355102	-743.701345	286.653757
9.91	1027.634359	-740.959140	286.675219
9.915	1025.117745	-738.417881	286.699864
9.92	1023.196056	-736.476357	286.719699
9.925	1022.174815	-735.447372	286.727443
9.93	1022.171605	-735.451617	286.719988
9.935	1023.071863	-736.372655	286.699208
9.94	1024.557240	-737.886437	286.670802
9.945	1026.191565	-739.549268	286.642297
9.95	1027.534206	-740.913648	286.620557
9.955	1028.243976	-741.634437	286.609538
9.96	1028.141875	-741.532323	286.609551
9.965	1027.221962	-740.603488	286.618474
9.97	1025.625363	-738.991565	286.633798
9.975	1023.603403	-736.949755	286.653648
9.98	1021.482394	-734.806789	286.675606
9.985	1019.616060	-732.921460	286.694600
9.99	1018.304005	-731.600533	286.703471
9.995	1017.690585	-730.992708	286.697877
