1.29733
1.9967
3.56714
1.11165
1.03451
0.0896106
0.504322
1.16895
1.02948
0.685026
1.65572
1.176
1.32044
0.873692
1.18619
0.0407606
0.696553
3.0517
2.05154
0.454163
1.1
1.49802
1.86102
1.40852
2.14029
0.866637
0.945722
1.22566
1.34407
2.03901
0.483799
0.521838
1.10724
0.602469
1.68005
2.17938
1.96827
2.07491
0.136579
0.480039
1.91971
2.44837
2.87059
1.41899
0.977636
0.98974
1.81945
2.05944
2.27246
0.198055
1.39181
0.130962
0.103174
1.61091
3.05145
2.66425
1.23658
1.11217
1.46037
1.10158
1.35458
1.14267
0.491033
1.29629
0.272549
2.01974
0.90745
1.94218
2.17192
0.658041
2.04041
1.28315
1.43668
1.72044
1.03571
3.13523
1.76123
1.23428
1.01326
1.85421
0.283125
0.381775
2.41135
0.743565
2.35667
1.81126
1.01153
2.31568
2.7582
0.641937
1.09286
0.415319
0.709903
0.695942
0.961754
2.39052
1.76915
0.665672
0.441126
0.399992
1.20287
2.07252
1.00529
1.06872
1.83495
0.511922
2.71646
1.98073
1.44479
1.18312
1.72626
0.527752
2.17774
1.24251
1.85306
1.12081
1.25994
1.88129
0.691458
0.354545
1.07921
1.88205
0.705884
0.40218
2.66391
1.11948
1.55096
0.705806
1.91683
0.837315
1.60659
2.71736
1.85954
1.09006
0.702365
1.74918
1.36468
1.46797
1.10995
1.18433
1.64423
1.28575
0.811342
1.25142
1.24175
2.08489
1.37183
1.91378
2.18116
2.06652
0.393906
0.469126
1.07492
0.561525
0.612467
1.23735
2.96458
0.86719
0.954057
0.982583
1.54205
0.396265
1.06294
1.15933
2.0974
1.19827
2.2741
1.2819
0.257181
1.00397
0.496992
0.680573
0.426506
1.74847
1.95284
1.01279
0.43514
2.03342
0.75479
0.833511
1.02256
0.807536
1.10799
2.31388
1.17884
1.55606
1.31464
2.29358
1.1392
0.87284
1.21425
1.40025
0.410585
1.35184
1.91578
1.13213
1.82621
2.42147
1.16854
1.95022
1.26627
2.06648
0.72427
1.89233
1.70199
1.57174
0.425278
0.279533
0.823127
1.99446
0.432263
1.9053
1.58288
1.26061
0.45973
1.87208
1.44419
2.53211
1.39022
1.13451
0.983994
2.08626
0.616414
1.2229
0.960124
2.61326
0.388252
1.07846
0.284847
1.91082
0.817563
0.955776
1.33643
1.98845
0.963709
1.55944
0.990327
1.52905
0.849025
1.07862
1.21907
0.703045
1.56067
0.349808
0.88367
0.315584
1.23613
0.531543
0.886807
1.17647
1.89683
1.16
0.353609
0.471835
0.507992
1.9845
1.08355
0.579714
0.26592
1.61155
0.789705
0.957264
1.89414
2.09832
1.7975
1.942
1.09463
2.64087
1.13224
0.577588
1.63372
2.43921
0.289911
0.76554
1.98043
1.54267
0.702116
1.48323
2.12928
1.10028
1.28809
1.43647
1.07964
0.773468
2.76442
0.785535
2.81226
1.26459
0.978706
1.0681
1.68828
1.70118
0.662992
0.850751
1.03131
0.428763
0.299059
1.75256
1.55176
2.46413
2.4469
0.0964044
0.530932
0.753366
1.78545
1.86926
1.28595
1.73993
2.3423
0.513718
0.743645
1.4127
1.77073
0.92392
0.85422
0.960184
0.927915
2.46486
0.493088
2.60643
1.79734
1.75983
1.38364
2.03088
2.13858
1.68383
0.951308
0.857595
1.48729
1.13873
1.10479
1.84003
2.6468
3.50615
0.421314
1.23785
1.42779
1.38984
0.85583
1.30978
2.15327
0.957825
0.775676
1.49464
0.943751
2.75672
0.846582
0.546897
1.90806
2.12841
0.341563
1.02023
0.473574
1.80631
0.765876
1.11308
1.4512
1.03071
0.572748
1.3643
2.5249
2.15392
0.757914
0.5166
0.892866
0.577527
1.54187
2.15903
1.30211
0.427943
1.65469
2.09617
2.12736
1.29098
0.705824
0.745436
1.40855
0.64616
1.26469
0.844531
0.944728
0.159664
1.2234
0.95808
0.151744
0.386709
1.64508
0.744136
0.952197
1.44805
1.02311
0.861263
1.0262
1.71731
0.472173
1.6103
1.85062
1.83022
1.38152
1.10438
2.00088
1.22126
1.87864
1.80215
1.7175
0.274659
1.36549
0.167964
1.23855
1.07793
2.66175
1.14567
2.25946
1.41033
0.6677
0.327137
0.974191
0.952952
1.17974
1.60399
1.2424
1.00416
1.97639
1.17766
1.81157
0.673296
1.45253
1.94792
1.01503
2.2331
0.602463
0.653272
1.26953
1.14182
0.604974
0.672056
2.29167
1.11454
2.08104
2.50523
1.80618
1.05246
2.25585
1.49994
1.21093
2.21884
0.955793
1.16266
2.39906
1.97853
0.623443
2.62022
1.16511
1.3344
0.441563
0.946018
1.34766
0.83729
0.166229
1.47627
1.04345
1.18133
1.51814
1.33767
2.64036
0.547956
1.76838
1.8071
1.18922
0.760597
0.575548
1.30289
1.56447
2.63539
1.32302
0.832942
1.15874
1.54513
2.16111
0.312207
0.735528
0.457791
1.072
0.562552
0.264347
2.41367
0.306992
2.13152
1.86094
2.17373
1.28014
1.36141
3.19009
0.621281
0.928687
0.780685
1.75737
1.63314
1.57549
1.09072
1.89518
0.932185
0.716411
2.71444
2.06734
1.56577
0.658068
2.03102
1.58359
1.35098
2.29198
1.53536
0.682906
2.86805
1.99032
2.07037
0.984937
0.633424
0.54866
0.681404
0.517809
0.868055
2.27695
1.51194
0.567684
1.31683
2.19977
0.595847
0.285053
1.27385
1.87935
3.39474
1.53358
1.13501
2.24492
2.89866
1.30427
1.24617
1.78267
1.73752
1.00559
2.00216
0.296476
1.27039
0.940398
1.89313
1.14681
0.953363
0.468837
1.81167
1.44054
2.75666
0.682061
0.794636
1.0862
1.40529
1.93874
2.85533
1.17871
2.64105
1.56813
1.09127
1.27587
0.843884
1.39362
2.16494
0.243444
4.19171
3.06241
0.619023
1.4
0.63723
1.3218
1.89345
2.16154
0.991209
1.63966
0.717708
0.449604
0.885796
0.51846
1.10919
2.527
0.605212
1.12163
1.87997
1.28931
0.249727
1.23089
0.388963
2.13753
0.619042
1.25943
0.639597
0.578729
1.08766
1.53463
2.17724
2.0032
1.17681
1.42423
1.74062
1.36317
0.616351
0.93554
0.695797
1.51564
1.96729
0.851759
2.02306
1.95371
0.119655
2.47294
1.18298
2.13408
0.864926
1.16483
0.496479
2.24534
1.28495
0.794736
0.85742
0.545416
0.882433
0.219239
1.49967
1.57636
0.475226
0.692188
1.12727
1.66543
1.11596
2.6719
1.99608
1.23961
2.06417
1.10975
1.00727
1.6026
3.36757
1.3971
1.09686
1.12789
1.85185
1.2132
0.779404
0.557159
0.672538
0.524633
1.57347
1.46513
1.00217
1.72456
1.40083
1.87543
2.20822
2.83508
2.39184
1.98243
1.35051
1.82538
3.08715
1.88814
1.22724
1.23255
0.543076
0.774683
1.99331
1.77431
1.91522
0.888163
2.00446
1.52923
1.4807
0.112097
0.663159
0.82116
0.833147
0.405518
1.61292
1.22643
0.463076
0.559928
0.127593
0.771998
2.59053
1.37074
0.661686
1.04544
1.2294
1.46078
0.525963
0.279249
2.79735
1.70699
0.680028
2.27366
0.521588
2.01469
0.582929
0.635826
1.03014
0.496142
1.04869
1.74581
1.06314
1.58646
0.28841
1.82201
1.00359
1.28476
2.35491
2.15882
1.9615
1.14992
0.768082
0.318042
1.02633
0.978061
0.591138
0.507489
0.765151
2.24816
0.889263
2.22832
1.10631
1.15253
0.571453
1.25698
1.13892
0.482918
2.70506
1.37273
1.29949
1.73915
0.761897
1.33203
0.928831
1.50131
1.35521
0.512124
1.47497
1.69364
1.22247
1.29473
1.10627
1.99794
0.490304
1.14255
0.933478
1.00215
2.03565
0.680327
0.971569
1.82015
0.742267
2.20927
2.70721
2.6779
1.74124
1.63189
0.768769
0.902506
0.536576
0.37768
0.884574
2.56793
0.888556
2.03984
0.659046
1.01345
0.892821
2.07997
1.14176
0.527969
0.785893
1.04876
0.165091
1.44023
1.03378
0.992854
2.24453
2.20517
0.414247
2.02164
2.23169
1.36424
1.13275
1.88857
1.84459
1.43415
1.62177
1.04155
1.60284
1.131
0.998017
0.843015
0.532795
1.87336
1.2259
2.13761
0.972206
1.74184
1.60137
0.751182
2.40811
1.94173
2.71707
1.18067
0.304145
1.45187
1.47173
1.03234
0.981492
2.51516
0.846198
3.554
1.67525
1.60504
1.02682
0.382969
2.51785
1.27289
1.00889
1.78593
1.84152
1.15112
1.26395
1.57839
2.80145
1.52905
2.09009
1.75408
1.43746
0.882991
0.735802
1.54536
0.879031
0.766345
2.30302
2.42471
1.62624
1.41891
0.341533
0.243195
2.62559
0.75474
1.02654
1.60743
0.570325
0.122521
2.44885
0.476347
2.1116
2.99279
0.636661
1.83229
0.728732
0.26004
0.469226
1.88153
0.309332
1.17525
0.555724
1.06095
1.08106
1.4406
2.3144
3.0653
1.6149
2.63809
2.44403
1.67367
0.905951
0.689467
1.48047
2.32985
2.08432
0.941916
1.39064
0.996131
0.445985
2.61428
1.03362
0.763431
1.76406
2.83189
1.57008
1.1917
1.87965
1.09966
1.10003
0.708023
1.01293
1.44005
1.81656
1.19453
2.18488
2.10227
0.715283
